--[[
Encrypted by Hackers House
Tool : https://hackershouse.tech/online-lua-obfuscator-free-unlimited
Version: 1.1.0
]]
_G["k0ih3iGpXt"]=function(src)
  local box={__src=src}
  return setmetatable({}, {
    __index=function(_,k) return box.__src[k] end,
    __newindex=function(_,k,v) box.__src[k]=v end
  })
end
_G["b9_Iwr2G"]=function(a,b)
  if type(a)~="table" then return nil end
  local mt=getmetatable(a)
  if mt and mt.__index then return a[b] end
  local p=_G["k0ih3iGpXt"](a)
  return p[b]
end
_G["mrjAULt2N1"]={{k=86,b={185,196,192,190,162,138,188,203,138,205,168,164,206}},{k=85,b={201,191,174,134,190,171,193,135,168,192,136,161,205}},{k=198,b={58,39,40,50,43}},{k=183,b={26,37,33,31,3,235,29,44,235,46,9,5,47}},{k=144,b={253,254,227,213,214,233,242,219,200}},{k=83,b={205,165,154,154,171,161,198,136,185,204,202,159,131,181}},{k=132,b={}},{k=191,b={37,52,45,34,51,40,46,45}},{k=63,b={121,122,183,123,35,120,167,227,4,213,23,23,251,4,224,218,251,23,134,179,158,140,155,251,173,10,146,80,74,110,80,98,213,23,23,251,4,224,218,251,23,248,233,152,125,170,98,176,71,167,254,37,218,110,121,120,226,120,120,120,178,21,24,236,2,2,75,72,2,10,10,10,39,54,47,41,46,78,52,83,43,21,19,12,77,72,45,36,51,27,53,18,50,79,92,67,11,15,10,39,54,47,41,46,78,52,83,43,21,19,12,77,72,45,36,51,27,53,18,121,120,9,120,120,120,183,89,118,131,106,50,50,70,70,57,50,41,106,119,109,41,49,49,49,49,78,93,86,80,85,117,91,122,82,60,58,52,116,111,84,75,90,66,92,57,89,118,131,106,50,51,61,50,54,49,49,78,93,86,80,85,117,91,122,82,60,58,51,61,121,121,58,120,120,120,164,99,97,98,33,28,1,248,11,115,9,106,10,39,48,27,96,110,99,99,99,119,119,106,99,90,46,34,31,36,64,38,37,25,27,38,90,13,51,1,252,12,18,51,3,121,120,27,120,120,120,170,93,88,84,79,37,135,138,126,124,135,59,132,93,84,143,99,83,148,112,149,134,147,136,115,144,88,75,37,146,131,132,135,128,59,143,141,144,128,59,127,138,37,59,59,132,129,59,114,148,102,121,120,237,120,120,120,177,51,67,69,102,54,47,42,42,38,33,13,97,85,82,91,247,13,13,13,13,86,47,38,97,53,37,102,66,103,88,101,90,69,98,42,86,47,38,97,53,37,102,66,103,88,101,90,69,98,24,30,247,13,13,13,13,86,121,122,236,131,27,120,168,78,76,164,111,194,95,232,4,84,31,147,42,133,20,155,180,243,186,73,175,219,164,111,194,95,232,4,84,31,147,42,133,20,155,180,243,186,73,175,139,139,252,76,232,100,67,166,76,121,122,6,127,47,120,190,103,85,19,240,96,110,85,5,212,177,142,149,142,230,201,250,43,201,230,103,85,19,240,96,110,85,5,212,177,149,149,93,230,201,8,194,76,230,230,201,250,43,201,229,208,230,103,85,19,240,96,110,85,5,212,177,177,142,149,142,230,50,222,201,8,76,50,236,117,93,121,121,53,120,120,120,190,76,99,73,7,102,78,6,105,61,13,90,114,9,13,83,64,75,86,65,76,74,75,13,12,73,74,86,84,73,21,78,248,13,13,1,2,15,4,12,14,13,3,8,3,12,12,254,73,74,86,84,73,21,87,248,62,4,0,0,9,13,13,13,4,0,253,14,1,12,8,121,121,6,120,120,120,163,50,31,29,30,46,27,46,31,31,26,30,30,30,55,50,50,29,55,51,31,27,55,51,31,29,30,55,46,27,55,46,31,31,26,30,30,30,55,50,49,29,53,31,121,122,249,131,27,120,189,232,42,188,210,177,20,9,232,20,9,188,188,221,177,177,20,75,31,199,20,188,210,177,20,42,232,20,42,188,188,221,177,177,177,20,75,42,210,42,188,232,42,188,210,177,20,9,232,20,9,188,188,221,177,177,20,75,20,199,20,188,210,177,20,42,232,20,42,188,121,120,156,120,120,120,167,197,200,196,196,196,205,209,206,199,210,197,201,210,197,199,196,206,207,201,206,207,197,197,200,196,196,196,205,209,211,199,207,197,201,207,197,199,196,205,206,201,205,206,197,197,200,196,121,121,135,120,120,120,182,159,159,182,178,183,156,174,158,154,174,158,156,159,182,181,154,182,181,158,158,234,172,225,216,245,167,222,170,159,159,182,157,182,158,156,159,176,154,176,158,158,155,164,229,167,227,216,167,219,216,228,230,219,167,241,170,229,204,222,202,154,220,121,121,193,120,120,120,178,234,225,152,167,225,183,237,217,217,217,241,218,244,216,220,244,216,218,217,240,245,220,240,245,216,216,225,181,153,164,159,225,183,236,183,218,217,217,217,243,244,247,218,240,246,216,220,240,246,216,218,217,240,240,220,240,240,216,121,121,231,120,120,120,179,190,199,130,121,131,204,199,133,172,126,170,202,148,147,149,126,121,128,185,132,127,134,149,191,145,190,199,130,121,131,204,199,149,130,147,146,149,121,199,147,134,133,123,130,185,132,120,121,132,134,147,191,133,190,199,130,121,131,190,121,120,28,120,120,120,184,68,69,69,68,131,125,137,129,86,100,144,144,140,99,129,144,68,150,110,99,99,116,106,143,81,130,149,147,104,76,126,68,68,77,71,85,78,73,85,78,69,69,69,69,68,69,38,38,60,60,60,60,115,149,103,98,114,116,149,101,94,89,85,85,121,121,179,120,120,120,201,130,169,147,147,214,207,192,214,169,147,147,147,147,209,193,214,210,200,169,147,147,214,205,215,169,147,147,202,213,147,202,241,122,199,235,123,186,230,185,200,187,206,219,198,125,129,147,210,205,215,147,228,186,232,245,229,219,186,234,241,126,126,123,122,123,147,199,203,214,205,147,228,186,232,245,229,219,186,234,241,126,121,120,209,120,120,120,189,10,10,2,241,54,63,53,219,54,63,53,219,241,241,54,61,68,54,58,55,241,249,249,249,22,37,30,24,29,61,35,66,26,4,2,254,22,37,30,24,29,61,35,66,26,4,2,250,252,2,250,14,14,3,250,241,69,57,54,63,219,241,241,241,241,61,64,52,50,121,120,246,120,120,120,165,98,22,73,100,55,63,76,40,87,101,55,39,111,51,38,0,22,22,22,22,109,94,95,98,91,22,73,100,55,63,76,40,87,101,55,39,111,50,39,22,90,101,22,73,100,121,121,241,120,120,120,201,176,168,167,195,144,142,176,192,120,188,162,143,176,168,167,195,144,142,176,192,120,202,192,209,148,143,149,235,209,209,148,141,130,148,235,209,209,209,209,141,142,146,144,141,209,162,143,176,168,167,195,144,142,176,192,120,188,201,194,184,202,194,199,200,204,201,194,184,202,194,199,200,235,209,209,209,209,136,151,209,162,121,122,61,143,31,120,161,31,20,204,247,187,244,54,20,164,28,143,184,141,29,169,149,80,31,29,178,31,20,204,247,187,244,54,20,164,28,184,178,31,20,204,247,187,244,54,20,164,121,121,63,120,120,120,137,54,100,110,95,26,33,27,69,95,95,26,33,27,69,26,33,27,122}},{k=13,b={129}},{k=167,b={23,251,244,20,10,28,22,22,8,14,254,247,249,1}},{k=62,b={146,165,142,110,164,119,110,148,135,143,169,111,137}}}
_G["vdq14eOMe"]=function(i)
  local e=_G["mrjAULt2N1"][i]
  local t={}
  for j=1,#e.b do
    t[j]=e.b[j]-e.k
    if t[j]<0 then t[j]=t[j]+256 end
  end
  local __u=table.unpack or unpack
  local out=string.char(__u(t))
  local nk=((e.k*33)+17)%251+1
  local nb={string.byte(out,1,#out)}
  for j=1,#nb do nb[j]=(nb[j]+nk)%256 end
  e.k=nk; e.b=nb
  return out
end
local function kcgeXbAEOE9()
  if type(_G["b9_Iwr2G"])~="function" then return false end
  if type(_G["mrjAULt2N1"])~="table" then return false end
  return true
end
do
  if not kcgeXbAEOE9() then
    local __t=nil
    __t()
  end
end
local function sDa1katg(x)
  local _ri9jXjz=(x*17)-(x*17)
  local J3XNCcdf=(_ri9jXjz+11)-11
  if J3XNCcdf~=0 then return x end
  return x
end
sDa1katg(1)
do local _ri9jXjz=1; local J3XNCcdf=1; if (_ri9jXjz+J3XNCcdf)==3 then _ri9jXjz=_ri9jXjz+1 end end
do local Bqfb98oAW=0; while Bqfb98oAW<1 do Bqfb98oAW=Bqfb98oAW+1 end end
do local k7wZiWfBpwr=1; local x7LlTjZS9=0
  while true do
    if k7wZiWfBpwr==1 then
      x7LlTjZS9=x7LlTjZS9+1
      if ((x7LlTjZS9*23)-(x7LlTjZS9*23))==0 then k7wZiWfBpwr=2 else k7wZiWfBpwr=3 end
    elseif k7wZiWfBpwr==2 then
      if (37-37)~=0 then x7LlTjZS9=x7LlTjZS9+9 end
      break
    else
      break
    end
  end
end
repeat local IXfFQAXzo=0; IXfFQAXzo=IXfFQAXzo+1 until IXfFQAXzo>0
local CxDrdJ0vjizutI="\8\8\19\7\7\7\75\111\106\13\51\51\103\106\118\116\103\51\85\80\60\134\124\72\77\69\65\91\96\56\69\70\13\51\51\103\106\118\116\103\51\116\67\77\79\134\85\113\117\106\77\72\104\125\56\69\59\13\51\51\108\113\51\43\43\43\85\80\60\134\124\72\77\69\65\8\9\41\28\68\7\91\97\34\155\30\25\59\189\152\147\135\51\68\59\122\26\43\134\218\113\147\210\214\152\22\122\59\67\151\97\34\155\30\25\59\189\152\147\135\51\68\59\122\26\43\134\134\42\42\25\134\201\30\47\93\201\113\113\113\113\147\210\214\152\22\122\59\67\151\97\34\176\30\25\59\189\152\147\135\51\68\59\122\26\43\8\9\46\18\170\7\90\241\252\106\241\29\230\230\4\37\161\31\97\125\92\84\128\246\213\252\106\241\7\230\89\62\92\26\31\4\144\100\243\92\125\221\108\252\106\241\241\241\205\205\62\241\142\42\166\133\232\156\210\243\111\89\210\142\59\9\67\158\89\180\37\254\64\158\108\42\205\84\106\139\156\210\243\111\89\210\142\70\199\166\8\9\62\30\174\7\48\6\193\196\67\58\35\182\185\142\36\239\150\173\242\81\30\170\124\193\81\30\58\55\36\30\30\173\104\30\159\101\199\110\245\156\113\78\216\110\52\170\8\7\189\7\7\7\58\250\250\239\241\244\221\49\37\34\43\199\221\221\221\221\5\40\37\53\50\39\0\33\32\5\250\5\40\37\53\50\39\0\33\32\5\232\238\199\221\221\221\221\38\35\221\229\5\40\37\53\8\9\85\12\212\7\90\158\103\164\73\68\189\39\104\34\54\29\189\108\93\173\158\103\164\73\68\189\39\104\34\134\134\69\245\153\93\78\123\245\184\138\48\229\58\239\174\133\163\229\183\153\134\104\99\104\245\78\113\148\78\245\184\138\48\229\58\239\174\133\163\229\183\153\134\74\69\94\74\245\78\123\73\135\245\245\78\113\148\78\8\8\29\7\7\7\61\134\119\61\88\110\80\77\126\75\90\109\103\77\115\105\50\50\40\39\40\61\105\133\122\127\35\35\35\35\35\35\80\88\84\103\121\110\46\41\122\96\98\122\69\69\46\68\40\66\40\70\70\82\50\8\7\30\7\7\7\94\132\147\140\129\146\135\141\140\70\143\103\115\79\151\149\102\145\150\131\129\148\103\71\40\62\62\138\141\129\127\138\62\125\127\84\110\134\113\106\113\147\150\131\111\142\110\91\153\125\125\145\144\129\91\143\103\115\79\151\149\102\145\150\131\129\148\103\155\40\62\62\144\131\146\147\144\140\62\125\101\121\70\132\147\140\129\146\8\9\70\10\178\7\63\129\147\144\190\193\138\147\111\105\138\166\135\253\190\190\190\232\235\199\235\193\205\235\193\199\190\217\241\205\217\241\193\193\247\138\147\111\105\138\166\108\253\183\190\190\217\238\220\199\220\193\205\220\193\202\190\8\8\69\7\7\7\68\29\22\15\13\28\22\15\30\26\22\15\30\25\29\29\22\13\20\28\22\18\30\26\22\18\30\25\22\16\15\25\29\29\29\22\15\13\28\22\14\30\26\22\14\30\28\29\22\15\26\22\15\30\30\25\29\29\22\13\20\28\8\7\126\7\7\7\73\176\167\171\176\167\170\166\166\175\180\178\168\175\167\169\166\183\171\183\167\167\170\166\166\175\182\177\168\175\167\169\166\180\171\180\167\167\170\166\166\175\180\178\169\180\167\171\180\167\170\166\166\166\175\180\179\169\175\176\167\171\175\176\167\169\166\8\7\138\7\7\7\72\187\186\183\187\186\179\179\182\178\178\187\193\191\181\187\190\179\183\187\190\179\182\178\178\187\192\194\181\187\187\179\183\187\187\179\7\197\240\249\252\170\243\199\178\178\178\187\181\187\187\179\183\187\187\179\181\178\190\183\190\179\179\182\173\236\8\7\199\7\7\7\68\231\43\54\231\51\54\42\40\51\231\61\4\41\34\48\36\244\50\2\231\48\45\231\61\3\239\239\247\241\248\240\242\239\248\249\244\248\249\240\240\231\59\47\44\53\231\61\4\61\242\239\239\239\249\252\253\242\249\240\244\249\8\7\37\7\7\7\93\78\80\77\86\93\82\86\93\78\78\69\138\147\137\96\69\135\128\142\130\98\152\153\151\142\147\140\83\136\141\134\151\77\155\78\69\138\147\137\96\69\151\138\153\154\151\147\69\153\134\135\145\138\83\136\148\147\136\134\153\77\135\78\69\138\147\137\78\77\78\130\77\160\162\81\69\160\47\69\69\69\69\132\132\142\147\8\9\187\20\204\7\73\207\220\211\212\233\172\81\194\159\16\94\81\195\94\194\12\194\82\133\121\247\198\8\25\172\255\255\3\203\69\208\91\133\220\159\172\133\81\91\142\168\121\203\3\242\151\242\172\211\220\216\107\203\17\142\142\146\133\194\90\198\8\25\172\255\255\8\7\203\7\7\7\45\51\27\253\40\235\48\57\47\247\213\235\235\235\235\42\42\57\48\66\52\57\47\48\67\8\49\64\57\46\63\52\58\57\243\34\252\28\53\8\8\157\7\7\7\94\245\215\233\233\200\249\225\193\202\231\222\254\228\232\227\193\204\248\172\201\200\225\215\171\216\249\198\189\208\254\167\205\5\204\225\204\234\245\250\206\237\205\191\208\208\236\235\252\212\202\231\222\254\228\232\227\210\178\204\248\172\201\200\225\215\171\216\249\189\250\255\249\163\189\189\242\198\163\250\255\249\163\208\216\212\231\249\8\9\136\20\204\7\67\69\5\44\169\139\113\169\144\144\18\183\18\5\209\18\5\157\157\65\161\182\121\30\143\108\221\43\30\144\195\186\61\191\213\61\30\4\17\234\69\30\130\22\196\48\248\126\152\87\117\43\57\152\169\113\204\213\157\10\40\8\8\144\7\7\7\70\176\231\246\176\242\183\221\199\5\2\194\213\168\221\213\172\168\246\3\238\241\4\231\237\238\168\167\236\237\241\239\236\176\233\187\168\168\191\183\193\170\191\167\169\168\191\184\171\191\184\167\167\185\236\237\241\239\236\176\242\187\249\168\8\8\71\7\7\7\88\111\124\122\113\120\112\114\111\120\120\116\120\120\112\112\115\111\111\124\127\113\120\112\114\111\120\120\116\120\120\112\112\115\123\128\115\122\127\68\130\45\54\57\103\48\132\111\111\111\120\114\123\112\116\123\112\114\111\123\116\123\112\112\115\106\41\103\43\54\103\51\54\42\40\51\103\61\132\41\34\48\8\8\90\7\7\7\81\21\133\63\111\122\65\60\122\44\118\130\130\106\127\108\129\133\108\129\122\46\66\61\68\122\44\117\44\127\130\130\104\109\108\128\105\129\127\130\105\105\133\105\105\129\129\122\61\68\62\111\122\56\15\65\21\117\39\46\40\65\68\59\132\55\66\57\40\130\44\129\122\61\68\8\9\153\26\34\7\94\5\250\249\15\24\53\72\15\195\249\53\204\223\157\24\3\242\214\195\242\204\53\145\223\164\249\24\195\5\164\145\164\164\145\62\167\4\194\108\4\195\157\176\119\252\195\223\203\164\243\32\91\5\252\60\117\24\118\80\24\145\145\98\202\60\41\60\240\60\41\60\164\164\249\53\81\24\195\249\15\24\53\72\15\195\249\195\8\7\61\7\7\7\64\166\169\93\162\171\161\71\93\93\169\172\160\158\169\93\142\169\174\134\138\165\118\181\109\181\145\122\159\118\156\134\180\175\111\132\101\156\132\105\101\163\178\171\160\177\166\172\171\101\102\169\172\160\158\169\93\168\8\7\146\7\7\7\67\207\186\186\186\195\200\202\189\195\197\187\191\195\197\187\189\186\195\195\191\195\195\187\187\205\254\1\245\243\254\178\244\207\13\186\186\186\195\199\189\195\199\187\191\195\199\187\189\186\196\196\191\196\196\187\187\190\186\186\195\8\8\109\7\7\7\63\92\83\94\86\84\85\94\90\82\94\90\86\86\81\85\85\85\91\101\84\87\86\82\87\86\84\85\94\101\82\94\101\86\86\81\91\94\81\85\85\94\92\84\94\101\86\82\94\101\86\81\85\85\91\101\84\8\7\40\7\7\7\59\89\88\81\85\89\88\81\84\80\80\97\83\89\97\81\85\89\97\81\84\80\80\80\90\96\83\89\94\81\85\89\94\81\83\80\90\90\85\90\90\81\81\84\97\84\80\80\80\89\88\83\89\8\7\112\7\7\7\90\167\153\157\161\167\153\155\152\161\162\157\161\162\153\153\156\152\152\162\160\155\161\161\153\157\161\161\153\156\152\152\161\163\154\161\153\155\152\165\157\165\153\153\237\171\214\223\226\144\217\173\152\152\161\154\161\153\155\152\168\157\168\153\153\156\147\210\144\212\223\144\220\223\211\209\220\144\230\173\210\203\217\205\8\9\73\20\204\7\78\146\184\72\233\158\119\233\71\85\81\81\185\107\198\94\120\81\211\224\146\211\224\94\94\233\45\145\106\223\233\71\98\71\120\81\81\211\250\7\120\198\46\94\146\198\46\94\233\106\223\93\72\233\67\232\158\2\98\32\45\19\158\223\132\159\80\145\54\19\81\71\8\7\86\7\7\7\54\127\118\187\196\186\145\118\200\187\202\203\200\196\118\202\183\184\194\187\132\185\197\196\185\183\202\126\184\127\118\187\196\186\127\126\127\127\126\189\208\159\169\151\159\196\194\195\8\7\114\7\7\7\60\220\227\224\212\184\155\124\146\146\219\216\146\195\222\227\187\191\218\171\234\162\234\198\146\211\224\214\146\195\222\227\187\191\218\171\234\162\234\198\160\209\209\219\224\214\215\234\146\230\218\215\224\146\8\8\211\7\7\7\73\197\176\191\192\197\169\243\178\189\140\166\148\140\169\167\168\173\196\169\181\145\158\139\3\137\163\142\180\170\0\163\176\136\159\148\152\243\176\169\175\205\243\243\167\170\182\180\167\243\155\182\4\2\166\178\252\175\150\189\181\3\145\196\248\154\146\8\8\208\7\7\7\93\153\198\180\191\255\4\179\141\139\179\232\232\4\233\2\2\235\2\2\231\231\155\232\181\186\135\161\143\135\174\172\171\170\191\174\178\150\231\202\240\240\194\179\196\195\194\174\240\152\177\255\5\161\181\247\180\145\186\178\0\150\191\153\136\0\142\160\137\175\173\3\160\179\139\164\143\155\202\179\174\180\202\157\149\153\198\8\7\18\7\7\7\79\118\131\67\70\119\97\95\119\58\58\71\61\73\74\63\73\74\59\59\111\79\141\141\125\79\58\58\67\71\67\61\70\59\63\70\59\62\116\79\141\58\58\68\71\71\60\67\59\61\58\69\63\69\59\59\62\58\58\67\67\60\67\59\61\58\68\68\63\68\68\59\59\8\7\25\7\7\7\97\69\65\65\65\74\74\68\74\79\66\70\74\79\66\68\65\76\70\76\66\66\69\65\65\80\67\74\66\68\65\74\76\70\74\76\66\66\69\74\73\69\75\73\82\69\65\65\74\82\81\68\77\66\70\77\66\69\65\65\74\82\81\68\74\82\66\70\74\82\66\69\82\69\65\65\75\77\81\68\76\66\70\76\66\69\65\65\65\74\77\8\7\104\7\7\7\54\147\158\145\149\158\145\147\144\154\155\149\154\155\145\145\148\144\144\153\161\159\146\153\145\147\144\154\153\149\154\153\145\145\148\144\144\144\154\157\156\147\153\156\145\149\153\156\8\8\134\7\7\7\53\93\91\94\85\78\89\85\78\93\93\90\94\94\86\92\85\93\91\94\84\85\89\84\85\93\93\90\94\94\94\85\85\91\84\93\89\84\93\91\94\85\86\89\85\86\93\8\7\193\7\7\7\63\234\237\233\233\233\243\246\246\236\245\234\238\245\234\236\233\242\241\238\242\241\234\234\237\233\233\233\242\243\236\242\249\234\238\242\249\234\236\233\242\241\238\242\241\234\234\237\243\245\250\237\233\233\233\242\243\8\9\124\28\68\7\59\3\129\108\217\45\129\108\217\3\196\213\45\213\217\217\24\196\196\196\129\108\3\129\213\217\45\129\213\217\3\196\129\41\45\129\41\217\217\24\196\196\150\213\150\238\129\217\3\196\129\171\45\8\8\103\7\7\7\67\88\90\80\80\83\79\79\96\82\94\80\84\94\80\83\79\79\79\89\92\87\82\91\80\84\91\80\82\79\88\91\84\88\91\80\80\83\79\79\79\93\82\88\93\80\84\88\93\80\82\79\88\87\84\88\87\80\80\83\79\8\7\128\7\7\7\44\168\181\170\177\169\171\168\181\173\181\169\169\172\168\168\177\177\171\180\169\173\180\169\172\168\168\178\181\178\171\177\182\169\173\177\182\169\8\7\156\7\7\7\89\200\196\196\209\199\205\208\197\201\205\208\197\200\205\205\200\196\196\205\213\211\199\205\205\197\201\205\205\197\200\196\196\196\206\209\204\199\207\197\201\207\197\199\196\205\209\201\205\209\197\197\200\210\200\208\200\196\196\205\213\212\198\205\197\199\196\205\209\201\205\209\197\197\200\196\196\206\207\209\198\205\197\8\8\217\7\7\7\80\0\1\234\241\6\234\241\2\2\5\1\1\231\231\232\0\234\241\2\6\234\241\2\5\1\1\1\231\231\233\0\241\2\6\241\2\0\1\231\231\6\231\231\2\2\5\1\1\231\234\236\0\234\231\2\6\234\231\2\5\1\1\231\231\233\0\241\2\6\241\2\5\1\8\8\95\7\7\7\48\119\119\113\114\115\122\112\113\120\124\112\113\120\122\119\112\115\124\112\115\120\120\123\119\119\113\114\116\122\116\120\124\116\120\123\119\119\119\113\113\118\8\8\158\7\7\7\68\195\173\167\197\193\173\167\197\195\198\172\174\193\172\174\197\197\194\198\198\172\172\174\196\173\197\195\198\173\171\193\173\171\197\197\194\198\198\198\172\173\168\195\172\197\193\172\197\195\198\171\193\171\197\197\194\198\198\198\172\173\8\8\223\7\7\7\96\232\250\240\241\248\252\240\241\248\250\247\240\245\252\240\245\248\248\251\247\247\241\241\239\250\243\248\252\243\248\251\247\247\241\242\242\250\241\248\252\241\248\251\247\247\241\242\243\249\240\248\250\247\241\241\252\241\241\248\248\251\247\247\247\241\241\242\250\240\231\248\252\240\231\248\250\247\240\242\252\240\242\248\248\251\247\247\247\241\8\9\223\20\204\7\95\105\131\14\92\118\244\40\92\118\244\14\231\105\92\40\105\92\244\244\27\231\231\105\118\92\1\92\244\14\231\131\40\131\244\244\27\231\231\231\92\196\183\14\92\157\244\40\92\157\244\14\231\105\105\40\105\105\244\244\27\231\231\105\105\79\14\92\105\244\40\92\105\244\27\231\231\105\92\157\1\92\244\14\231\157\40\157\244\8\7\70\7\7\7\72\111\114\110\110\120\122\124\112\119\111\113\110\119\124\115\119\124\111\111\114\110\110\120\120\119\112\119\111\113\110\125\115\125\111\111\114\110\110\120\119\124\113\127\111\115\127\111\114\110\110\110\120\120\127\113\119\127\111\115\119\127\111\113\110\119\8\7\61\7\7\7\70\109\106\110\109\102\102\105\101\101\101\111\111\111\104\110\118\102\106\110\118\102\104\101\110\114\106\110\114\102\102\105\101\101\110\118\117\103\110\102\104\101\111\109\106\111\109\102\102\105\101\101\118\103\110\102\104\101\118\106\118\102\102\105\8\7\89\7\7\7\65\129\129\139\142\139\131\138\130\132\129\138\145\134\138\145\130\130\133\129\129\139\142\140\131\138\130\132\129\138\138\134\138\138\130\130\133\129\129\138\137\131\138\130\132\129\139\137\134\139\137\130\130\133\129\129\129\138\146\8\9\31\20\204\7\96\247\78\156\208\52\104\156\208\52\78\39\247\104\247\52\52\91\39\39\169\208\208\78\234\52\104\234\52\91\39\39\169\208\169\65\156\52\78\39\156\234\104\156\234\52\52\91\39\39\169\195\247\78\234\52\104\234\52\91\39\39\39\169\208\156\78\156\143\52\104\156\143\52\78\39\156\247\104\156\247\52\52\91\39\39\39\156\143\78\8\8\167\7\7\7\73\152\158\144\148\152\158\144\146\143\152\159\148\152\159\144\144\147\143\143\152\160\159\145\152\144\146\143\152\157\148\152\157\144\144\147\155\147\143\143\153\155\159\146\152\152\144\148\152\152\144\147\143\143\151\145\152\144\146\143\152\157\148\152\157\144\144\8\9\147\18\170\7\91\119\75\75\218\108\218\86\130\218\86\119\174\6\251\119\75\75\185\185\163\108\229\86\130\229\86\119\75\75\75\185\174\229\108\174\251\86\130\174\251\86\108\75\207\130\207\86\86\119\185\207\229\119\75\75\75\185\185\174\108\185\86\130\185\86\108\75\240\130\240\86\86\119\75\75\75\185\174\229\108\6\86\130\6\8\7\115\7\7\7\67\156\158\155\164\169\160\164\169\156\156\159\155\155\165\165\172\158\164\164\156\160\164\164\156\159\165\165\165\159\155\155\164\171\171\158\164\170\156\160\164\170\156\159\155\155\165\163\164\157\164\156\158\155\164\165\160\164\165\156\156\8\9\58\30\174\7\82\46\210\210\210\161\89\89\23\66\233\69\66\233\23\210\161\230\69\161\230\233\233\46\210\210\210\184\207\43\23\161\138\233\69\161\138\233\23\210\184\138\69\184\138\233\233\46\210\210\184\138\138\0\161\233\23\210\253\69\253\233\233\117\117\117\32\195\155\103\212\54\97\161\230\77\8\8\131\7\7\7\73\58\56\32\91\91\81\94\82\83\88\82\83\92\92\40\72\33\16\25\38\15\28\26\25\91\23\68\49\84\70\54\18\13\69\18\75\92\125\99\99\23\26\38\36\23\99\43\28\66\37\24\82\70\21\19\52\72\42\66\46\17\31\20\84\79\32\8\7\133\7\7\7\64\212\210\234\173\173\186\176\187\178\187\174\174\226\224\241\198\219\182\200\216\252\255\199\252\189\226\143\165\165\241\244\232\230\241\165\252\198\238\186\219\239\245\198\189\208\209\244\205\194\251\233\246\182\185\234\212\210\8\7\137\7\7\7\75\238\177\177\192\180\188\189\182\188\189\178\178\147\169\169\245\248\236\234\245\169\1\254\238\189\205\209\205\219\216\194\221\185\237\188\198\177\177\186\180\186\192\178\182\186\192\178\147\169\169\0\241\242\245\238\169\1\254\238\189\205\209\205\219\216\194\221\185\8\9\94\18\170\7\85\170\143\242\253\223\38\225\107\148\13\187\63\68\46\217\88\148\190\170\35\204\190\190\190\190\2\35\159\137\2\190\74\57\132\225\68\148\68\250\228\123\38\253\38\225\107\148\13\187\63\68\46\217\88\148\71\134\101\181\154\74\118\74\228\195\209\250\110\170\143\93\77\38\225\107\148\13\187\8\8\73\7\7\7\83\8\55\57\26\115\48\79\105\105\105\105\50\43\105\13\58\119\50\55\39\55\29\23\60\33\133\113\113\121\112\122\129\114\118\122\129\114\105\61\49\46\51\105\13\58\119\50\55\39\55\29\23\60\33\134\13\58\119\50\55\39\55\29\23\60\33\112\113\113\119\126\123\112\122\129\114\8\7\104\7\7\7\56\149\153\160\145\136\205\214\204\114\136\136\136\136\223\169\209\157\190\210\216\169\160\179\180\215\176\165\223\169\209\157\190\210\216\169\160\179\180\215\176\150\150\219\220\218\209\214\207\150\8\9\203\26\34\7\79\36\131\254\65\195\215\46\129\150\65\17\65\7\225\160\83\214\137\43\43\43\43\179\122\74\167\215\35\215\225\168\6\7\91\55\148\82\179\122\74\167\215\35\215\225\168\6\7\91\55\148\252\195\195\195\110\252\167\214\34\167\214\252\195\110\186\34\110\186\214\214\137\8\9\162\28\68\7\70\66\66\235\168\214\116\66\66\126\189\193\151\126\66\164\168\188\218\42\168\235\79\37\201\193\163\234\234\218\63\117\172\147\37\33\252\210\71\104\105\20\234\234\209\209\41\209\255\83\209\255\255\41\234\234\234\167\37\41\188\255\83\188\8\9\25\30\174\7\71\200\246\177\128\151\36\128\151\200\200\200\108\177\177\151\220\128\223\128\200\246\177\151\151\36\151\151\200\200\246\177\177\128\223\128\200\246\177\174\36\174\200\200\255\249\249\205\18\254\208\205\249\231\214\10\156\1\251\202\174\90\225\182\145\8\8\22\7\7\7\82\76\82\85\57\123\116\61\87\77\127\132\68\79\46\87\79\91\46\112\129\104\115\130\109\103\104\46\45\106\103\115\117\106\54\107\57\46\46\69\67\70\43\69\67\45\41\69\67\45\59\106\103\115\117\106\54\116\57\123\46\46\68\66\65\43\68\45\41\68\45\42\68\66\64\42\8\7\49\7\7\7\95\89\89\99\101\101\92\98\98\90\94\98\98\90\93\99\100\102\93\89\89\89\99\101\97\92\98\106\90\94\98\106\90\92\89\98\102\94\98\102\90\90\93\89\89\89\99\100\100\92\98\104\90\94\98\104\90\92\89\99\99\94\99\99\90\90\174\108\151\160\163\81\154\110\89\89\98\92\103\90\94\103\90\93\84\147\81\149\160\8\8\192\7\7\7\99\160\220\221\225\223\220\160\214\139\226\233\215\235\155\217\137\160\215\230\160\214\140\152\152\144\154\143\151\153\152\146\144\155\146\144\151\151\160\212\216\227\222\160\214\139\214\153\146\147\150\160\227\222\228\137\160\226\233\215\235\139\209\212\210\215\222\229\158\225\216\223\210\152\214\151\160\227\222\228\137\160\210\227\212\211\210\222\160\212\223\226\220\8\7\86\7\7\7\89\187\132\185\197\196\185\183\202\126\184\127\118\187\196\186\127\126\127\179\130\126\188\203\196\185\202\191\197\196\126\127\194\197\185\183\194\118\193\147\126\126\135\141\136\129\135\135\127\131\135\135\127\145\194\197\185\183\194\118\184\147\209\126\126\135\138\128\135\127\129\126\136\135\131\136\135\127\127\130\126\126\137\8\7\100\7\7\7\77\155\142\149\141\143\140\149\153\145\149\153\141\141\144\140\140\140\151\150\143\149\150\141\145\149\150\141\143\140\149\156\145\149\156\141\141\144\140\140\149\155\142\149\141\143\140\154\145\154\141\141\225\159\202\211\214\132\205\161\140\140\149\142\149\141\143\140\150\151\145\8\8\76\7\7\7\84\126\125\115\115\112\109\46\108\40\49\108\48\49\45\43\48\108\58\127\46\37\51\31\111\53\133\108\51\42\108\58\128\116\116\124\117\120\115\111\120\115\108\56\52\39\50\108\58\127\58\117\116\116\116\126\119\122\117\121\115\111\121\115\117\116\126\125\111\126\125\115\115\108\39\50\40\133\8\7\116\7\7\7\58\148\214\207\221\209\177\231\232\230\221\226\219\162\215\220\213\230\156\234\157\148\217\226\216\175\148\230\217\232\233\230\226\148\232\213\214\224\217\162\215\227\226\215\213\232\156\214\157\148\217\226\8\7\150\7\7\7\86\250\191\190\191\191\190\13\215\255\203\236\0\6\215\206\225\226\5\222\194\190\190\190\199\193\199\203\191\195\199\203\191\193\190\207\195\207\191\191\194\185\13\215\255\203\236\0\6\215\206\225\226\5\222\191\19\160\182\182\252\5\8\182\13\10\231\238\231\234\251\218\254\198\238\204\211\190\190\199\8\7\75\7\7\7\83\117\124\116\118\115\129\120\129\116\116\119\110\173\150\130\192\163\185\194\126\178\195\182\147\149\143\140\107\175\186\107\173\150\130\192\163\185\194\126\178\195\182\147\149\143\140\166\194\191\156\163\156\159\176\143\179\123\163\129\168\136\115\173\150\130\192\163\185\194\126\178\195\182\147\149\143\8\8\229\7\7\7\78\166\140\176\177\150\141\150\145\194\161\189\245\141\239\138\252\171\183\243\141\189\183\194\238\240\156\196\254\2\253\253\243\242\239\252\246\242\254\250\246\242\254\5\194\183\193\219\5\5\141\190\160\195\186\240\164\179\181\150\247\188\234\171\183\243\141\189\183\194\238\240\8\9\104\10\178\7\83\73\145\25\200\112\163\61\142\175\13\49\190\184\91\242\142\31\142\73\13\199\112\178\205\1\157\208\169\64\70\52\43\134\200\200\190\151\196\199\190\178\200\205\43\163\7\106\166\184\43\16\73\76\181\64\134\151\178\148\134\172\181\145\139\172\200\154\199\178\145\196\163\181\178\200\61\8\7\91\7\7\7\79\159\195\166\173\148\196\143\186\172\145\159\131\132\101\123\123\196\193\123\186\162\182\131\193\208\201\190\207\196\202\201\131\132\199\202\190\188\199\123\198\152\131\131\131\141\141\148\134\143\132\136\143\132\134\131\143\136\143\132\132\150\199\202\190\188\199\123\189\152\214\147\148\8\8\74\7\7\7\49\118\114\114\129\126\111\121\130\113\117\121\130\113\118\114\114\114\130\125\111\120\113\117\120\113\111\114\120\121\117\120\121\113\113\118\114\114\123\126\111\121\129\8\9\115\28\68\7\95\208\36\120\32\208\180\74\209\142\205\19\16\116\187\187\120\229\120\208\250\187\120\246\36\120\246\208\208\15\82\125\19\167\142\19\79\142\146\104\79\19\33\116\125\234\16\20\36\58\74\19\16\209\19\33\95\187\187\99\229\120\208\250\187\120\141\36\120\141\208\208\19\247\251\188\121\19\33\116\33\250\141\204\225\19\188\121\167\8\9\225\14\190\7\52\126\193\143\94\192\108\140\6\13\255\192\227\178\35\150\185\136\255\249\27\0\193\164\227\157\126\193\255\164\13\20\255\227\193\13\136\143\213\164\35\150\234\227\150\136\8\9\26\12\212\7\72\94\226\4\231\186\19\64\14\231\226\231\235\226\245\125\225\104\14\79\15\30\19\165\155\19\226\226\20\241\15\15\50\251\15\15\50\231\231\235\231\144\75\104\14\79\15\30\19\165\155\19\226\226\50\241\55\10\251\55\10\231\231\186\94\34\8\8\113\7\7\7\84\22\11\81\31\22\37\38\31\11\81\19\18\13\32\22\81\22\11\21\103\81\81\10\19\81\60\52\56\79\61\98\98\99\61\98\95\98\61\98\98\95\61\98\97\98\79\62\73\60\52\56\35\21\34\98\101\22\44\46\22\73\73\102\72\98\98\100\78\98\98\100\74\74\62\74\27\94\8\7\91\7\7\7\90\209\191\204\140\143\192\170\168\192\131\131\142\134\144\147\136\144\147\132\132\123\207\195\192\201\123\205\192\207\208\205\201\123\193\188\199\206\192\123\192\201\191\101\123\123\205\192\207\208\205\201\123\207\205\208\192\101\192\201\191\101\191\202\101\123\123\196\193\123\201\202\207\123\162\159\195\166\173\148\196\143\186\172\8\9\187\30\174\7\53\149\215\83\106\155\39\19\206\157\161\155\155\155\155\111\180\160\114\111\155\229\249\192\235\74\48\74\134\203\137\114\19\8\155\183\180\155\111\180\160\114\111\155\108\137\71\8\8\20\7\7\7\53\96\110\65\73\113\124\55\106\107\104\61\52\114\134\85\100\75\101\75\103\132\118\115\108\55\129\118\96\96\110\65\73\113\124\52\111\106\112\14\52\52\52\52\114\134\85\8\8\117\7\7\7\98\69\46\68\46\10\37\19\22\13\77\78\107\85\85\18\7\17\107\18\7\17\107\9\8\20\22\9\85\15\34\7\20\33\14\8\7\85\52\63\66\52\18\22\39\46\15\63\10\43\65\77\56\97\66\51\54\94\49\64\7\38\34\56\101\99\9\52\78\107\85\85\9\8\20\22\9\85\38\46\10\64\44\51\101\46\65\38\36\27\54\92\8\8\77\7\7\7\96\109\41\48\109\49\48\44\46\49\109\29\126\19\61\18\123\122\53\12\130\117\32\121\26\11\14\134\9\24\47\62\58\32\125\123\49\12\115\117\117\126\126\115\126\118\116\117\120\114\120\118\118\118\114\117\32\121\26\11\14\134\9\24\47\62\58\32\125\123\49\12\115\117\117\126\126\115\126\118\116\117\134\114\134\118\118\118\132\109\8\8\197\7\7\7\52\214\254\218\240\252\3\149\254\241\214\212\203\6\138\245\150\251\213\250\147\146\221\4\165\226\215\225\187\165\165\217\216\228\230\217\165\250\219\143\248\214\4\218\205\142\8\7\16\7\7\7\58\129\120\120\67\113\92\77\56\129\89\125\103\91\82\64\89\100\129\131\138\81\59\56\56\56\69\70\59\66\57\61\66\57\59\56\65\70\61\65\70\57\57\57\61\56\56\56\69\70\59\65\8\8\173\7\7\7\54\157\150\146\158\157\150\148\149\158\155\146\158\155\150\150\179\141\141\214\199\141\242\211\151\240\222\236\210\229\166\222\213\213\156\206\241\223\162\149\149\157\147\158\150\148\149\158\8\8\30\7\7\7\80\54\65\45\54\69\69\62\106\134\121\128\62\108\121\106\105\108\128\62\79\42\73\92\93\53\90\71\128\109\105\79\46\44\130\91\62\121\128\122\36\62\62\108\121\106\105\108\128\62\79\42\73\92\93\53\90\71\128\109\105\79\46\44\130\91\36\121\128\122\36\91\72\73\8\7\17\7\7\7\44\84\118\114\95\90\119\103\126\91\101\57\66\58\27\117\128\49\125\128\116\114\125\49\85\91\93\114\122\104\104\92\136\138\104\116\107\102\8\8\61\7\7\7\45\20\29\89\96\29\97\96\92\94\97\29\121\77\109\104\95\85\94\108\8\96\122\104\18\37\37\14\36\12\38\34\12\38\20\29\121\131\129\8\8\81\7\7\7\58\50\42\36\36\8\68\58\36\48\23\38\126\21\65\33\36\43\57\50\32\132\44\22\36\113\54\43\53\120\113\45\44\48\50\45\113\70\51\133\12\132\68\15\133\25\15\9\41\19\120\113\8\9\18\28\68\7\70\70\45\178\238\45\49\7\238\178\124\2\183\74\238\187\36\66\250\19\90\90\23\132\23\111\153\90\44\23\195\44\23\111\111\233\178\171\112\86\141\149\213\124\86\74\124\250\154\208\19\124\2\183\74\238\187\36\66\250\178\91\24\70\8\7\17\7\7\7\50\76\49\122\119\49\57\85\91\93\114\122\104\104\92\136\138\104\116\107\102\60\134\119\69\96\72\136\83\69\105\83\89\121\87\58\78\78\57\57\68\59\66\58\8\7\161\7\7\7\56\204\201\210\217\206\210\217\202\202\193\21\9\6\15\193\229\235\237\2\10\248\248\236\24\26\248\4\251\246\222\229\235\237\2\10\248\248\236\24\26\248\4\251\246\204\201\201\210\203\8\8\83\7\7\7\43\132\108\110\107\133\132\104\133\132\108\108\115\48\41\47\115\48\41\47\77\47\42\115\39\42\54\52\39\115\12\18\127\64\41\29\11\8\9\115\30\174\7\78\117\249\146\157\143\143\154\105\192\83\111\108\83\39\108\88\42\39\83\189\71\123\246\45\85\111\68\241\146\25\8\238\11\11\195\80\218\77\34\126\218\77\34\192\83\2\212\31\246\85\137\235\117\249\146\157\143\143\154\105\238\189\71\123\246\45\85\111\68\241\146\8\8\201\7\7\7\87\143\248\233\174\179\173\0\233\188\177\178\181\174\233\146\140\253\190\179\159\145\147\175\2\171\141\141\186\191\5\241\241\250\239\250\242\240\241\250\248\246\250\248\242\242\233\173\180\233\146\140\253\190\179\159\145\147\175\2\171\141\141\186\191\6\146\140\253\190\179\159\145\147\175\2\171\141\141\186\191\8\9\182\14\190\7\94\227\206\206\13\227\13\34\213\241\13\34\213\150\121\184\114\150\121\184\114\252\114\191\150\170\191\107\93\170\150\177\237\30\20\244\13\219\5\69\125\48\97\206\206\206\13\227\13\6\213\241\13\6\213\227\206\13\20\241\13\20\213\213\83\150\170\191\107\93\170\150\198\30\230\135\12\191\167\114\170\16\44\121\223\83\150\114\8\8\187\7\7\7\92\226\155\223\226\222\220\223\155\215\250\236\135\255\136\6\247\220\0\227\144\163\163\139\166\137\164\160\137\164\150\155\203\243\235\218\213\226\250\215\223\233\245\216\2\144\215\250\236\135\255\136\6\247\220\0\227\155\216\225\215\197\155\155\202\227\228\223\216\155\199\205\200\216\155\215\226\197\155\155\155\155\228\217\155\224\8\8\51\7\7\7\48\132\123\37\133\36\102\92\28\116\33\24\24\11\11\36\14\36\31\12\8\36\31\12\19\95\75\80\73\45\19\19\19\19\19\19\99\123\131\82\93\74\8\9\190\18\170\7\45\203\10\98\112\156\21\35\93\142\134\46\43\252\131\203\10\98\112\156\21\35\151\118\118\118\217\151\217\239\129\173\217\239\129\151\118\228\206\8\8\110\7\7\7\75\81\92\94\85\85\116\78\78\78\78\78\78\21\8\78\86\86\30\70\62\7\36\15\39\10\18\56\68\9\47\84\86\86\92\93\83\93\88\85\81\93\88\85\85\81\86\30\70\62\7\36\15\39\10\18\56\68\9\47\84\86\86\92\93\84\93\85\83\8\9\143\10\178\7\83\7\40\22\40\10\10\10\10\70\70\31\239\235\199\190\217\239\214\130\151\37\133\34\232\250\58\82\49\70\7\7\37\13\34\10\16\7\34\37\22\34\37\10\10\239\190\211\232\190\239\214\130\151\37\133\34\232\250\58\82\49\70\7\7\40\13\34\10\16\7\55\22\55\10\10\239\8\7\122\7\7\7\57\223\232\222\132\154\154\154\154\223\230\237\223\227\224\154\231\203\210\172\204\171\237\243\179\187\176\183\183\162\162\162\172\165\171\179\163\167\171\179\163\165\162\174\167\174\163\163\154\238\226\8\8\109\7\7\7\75\10\15\115\77\77\77\77\77\77\22\7\77\85\88\94\82\85\85\88\94\83\94\86\84\85\94\90\82\94\90\86\86\86\31\98\85\85\93\83\94\86\84\85\94\102\82\94\102\86\86\77\25\21\10\15\77\29\69\61\8\35\16\40\9\17\55\67\10\8\7\174\7\7\7\45\253\235\30\6\254\21\40\29\245\18\26\4\8\19\253\217\214\214\231\216\223\215\217\214\223\226\219\223\226\215\215\206\19\28\18\184\206\206\8\7\21\7\7\7\51\53\53\53\53\119\135\122\118\128\31\53\53\53\53\122\129\136\122\31\53\53\53\53\53\53\119\135\122\118\128\31\53\53\53\53\122\131\121\31\53\53\122\131\121\8\7\224\7\7\7\96\234\69\78\68\234\82\69\80\69\65\84\0\76\79\67\65\76\0\70\48\55\51\22\41\24\24\78\23\46\27\0\68\79\0\76\79\67\65\76\0\65\42\57\70\83\75\80\43\88\57\29\8\8\16\11\24\9\13\24\9\27\0\70\48\55\51\22\41\24\24\78\23\46\29\65\42\57\70\83\75\80\43\88\57\0\69\78\68\27\8\9\23\12\212\7\50\183\21\167\202\182\37\132\47\47\61\42\157\72\21\167\202\182\37\132\47\47\61\42\157\238\223\223\12\238\12\17\228\248\12\17\228\183\96\61\91\36\51\183\8\8\34\7\7\7\69\132\82\83\79\52\89\42\42\124\51\92\44\50\24\126\123\127\129\126\66\82\114\116\102\81\85\101\123\92\97\123\85\39\66\134\123\66\126\123\127\129\126\66\111\85\124\79\74\112\113\88\96\51\45\116\134\113\49\54\133\91\93\8\8\220\7\7\7\61\183\4\4\243\5\231\237\255\231\237\3\3\245\252\140\172\170\152\139\135\151\193\162\155\193\135\239\173\135\194\141\148\174\171\166\158\233\252\183\194\184\230\192\193\189\187\192\252\167\233\163\158\141\151\8\8\23\7\7\7\57\126\123\102\46\92\41\107\50\55\123\134\55\131\134\122\120\131\55\90\123\40\80\79\130\81\96\52\114\121\48\86\96\110\105\41\94\63\86\94\82\63\125\108\133\122\107\128\134\133\63\8\8\148\7\7\7\53\171\232\233\245\243\232\180\237\183\191\195\189\232\233\245\243\232\180\246\183\253\172\172\195\194\194\174\195\171\173\172\198\195\167\198\195\171\171\168\172\172\195\194\193\174\195\8\9\122\18\170\7\71\61\83\50\149\138\105\149\138\61\61\94\149\204\193\94\50\50\149\193\204\83\149\193\61\105\149\193\61\94\149\204\149\94\50\50\149\193\182\72\149\61\83\50\226\105\226\61\61\217\3\220\63\96\218\253\25\50\50\149\83\160\61\105\160\8\8\229\7\7\7\89\254\249\4\195\5\193\184\5\185\184\196\198\185\5\175\234\195\140\190\138\250\188\236\5\190\191\5\175\233\253\253\245\252\239\254\250\239\254\5\177\189\194\183\5\175\234\175\252\253\253\243\242\239\252\246\242\254\250\246\242\254\5\194\183\193\236\5\195\140\190\138\234\180\177\179\190\183\192\247\196\189\198\8\9\40\30\174\7\49\102\192\194\215\8\59\10\36\117\8\102\59\148\171\102\10\8\148\223\246\220\59\74\13\33\10\13\223\148\192\246\215\8\59\10\36\215\192\215\131\28\192\8\8\106\7\7\7\66\12\29\20\7\30\17\19\20\82\81\22\19\7\9\22\74\15\101\82\82\94\89\80\89\81\79\82\89\87\85\89\87\81\81\95\22\19\7\9\22\74\8\101\31\82\82\89\87\97\80\89\81\79\82\91\85\91\81\81\8\7\111\7\7\7\65\155\151\151\151\160\165\161\154\168\152\156\168\152\154\151\161\162\156\161\162\152\152\155\151\151\160\164\166\154\162\152\156\162\152\155\151\151\151\160\163\161\154\160\159\152\156\160\159\152\154\151\166\156\166\152\152\236\170\8\9\206\12\212\7\44\204\249\8\110\219\255\150\150\195\160\195\155\165\150\195\210\175\195\210\155\155\170\125\184\110\194\249\110\234\249\189\179\234\110\28\255\184\8\8\226\7\7\7\45\135\185\141\253\183\231\2\185\196\2\180\238\250\250\250\242\247\241\242\249\253\241\242\249\247\250\241\241\253\241\241\249\249\2\182\186\197\188\8\8\133\7\7\7\74\101\15\74\15\92\93\93\83\82\79\91\86\94\92\93\86\79\90\86\79\94\94\101\34\23\33\76\101\35\44\30\42\74\20\17\19\30\23\32\87\36\29\38\19\93\15\94\101\34\23\33\76\101\19\34\17\18\19\23\101\17\38\35\25\34\87\36\8\7\109\7\7\7\61\220\219\208\206\225\149\207\150\141\210\219\209\150\149\150\150\149\189\221\227\177\190\194\178\220\187\174\220\194\153\158\153\144\189\221\227\177\190\194\178\220\187\174\220\194\150\234\168\141\226\164\182\175\192\8\8\217\7\7\7\80\158\188\189\164\236\158\231\173\246\152\189\234\146\145\192\143\162\249\190\195\189\223\187\196\167\249\197\166\231\194\177\233\231\137\175\187\166\166\246\1\1\234\255\234\2\0\1\234\237\6\234\237\2\2\5\248\174\236\162\151\136\158\188\189\164\236\158\231\173\249\189\196\223\8\8\73\7\7\7\89\105\105\53\52\40\42\53\105\48\53\36\34\7\33\60\119\39\28\31\128\105\45\52\105\53\52\40\42\53\105\44\31\7\17\29\43\25\17\134\62\124\18\7\24\14\44\45\20\124\14\119\61\32\53\22\119\50\65\121\119\25\63\43\22\22\38\118\113\113\126\124\112\122\120\114\118\122\120\114\128\105\48\8\9\161\20\204\7\75\29\116\38\251\25\172\43\155\12\51\186\220\51\251\73\229\207\177\73\65\194\55\181\35\65\65\246\207\65\16\29\116\38\251\25\172\43\155\12\51\173\169\169\169\17\208\30\82\182\234\30\82\182\208\169\43\43\234\43\43\182\182\65\133\233\194\55\65\8\7\193\7\7\7\88\44\45\32\26\3\25\56\243\35\24\27\254\44\45\32\26\3\25\56\243\35\24\27\236\233\233\243\246\247\235\242\234\236\233\242\242\238\242\242\234\234\225\38\47\37\203\225\225\54\248\10\3\20\6\40\37\16\248\6\243\53\28\45\14\243\42\57\241\243\17\59\39\14\14\30\254\44\45\32\26\3\8\8\81\7\7\7\86\25\68\127\47\36\23\71\54\43\53\71\45\44\48\50\45\113\51\70\43\48\69\42\44\43\113\65\37\14\46\48\70\44\44\50\52\36\33\31\23\105\57\53\51\10\9\69\128\67\128\50\38\25\109\69\18\132\47\131\36\32\52\134\31\51\37\57\127\127\106\71\113\113\45\44\48\50\45\113\8\9\195\24\248\7\59\170\38\153\71\34\17\224\224\123\138\137\68\207\153\174\227\103\34\227\239\34\86\52\239\227\88\188\123\156\89\224\122\104\119\208\187\103\137\156\139\119\38\153\38\52\104\155\206\119\20\106\69\8\7\140\7\7\7\92\194\227\223\243\193\222\242\224\4\190\190\233\199\172\3\191\2\208\251\250\217\217\196\227\242\253\216\2\201\209\245\196\213\194\217\211\225\0\172\241\250\240\150\172\172\254\241\0\1\254\250\172\3\191\2\208\251\250\217\217\196\227\242\253\216\2\184\0\205\195\238\194\227\223\243\193\222\242\224\4\190\190\183\180\180\8\7\24\7\7\7\53\73\66\73\65\67\64\74\74\69\74\74\65\65\34\125\134\124\34\132\135\123\121\132\56\105\137\124\93\100\94\139\121\141\106\85\126\141\134\123\140\129\135\134\64\144\124\8\7\176\7\7\7\94\22\249\248\36\227\38\227\17\5\8\220\36\241\231\18\230\7\3\23\229\2\22\4\40\226\226\217\186\28\31\19\17\28\208\39\227\38\244\31\30\253\253\232\7\22\33\252\38\237\40\20\22\249\248\36\227\38\227\17\5\8\11\36\241\231\18\230\7\3\23\229\2\22\4\40\226\226\13\186\208\208\34\21\36\37\34\30\8\9\102\30\174\7\48\70\23\251\0\130\95\72\81\81\110\55\144\141\58\0\90\210\61\87\52\64\55\219\167\41\196\144\242\46\228\228\67\254\254\254\205\67\205\87\21\113\8\8\35\7\7\7\50\52\50\60\62\59\54\56\54\60\60\29\128\121\127\29\119\122\134\132\119\67\116\51\134\107\91\128\43\94\49\80\115\109\102\46\67\127\122\67\119\122\134\132\8\8\128\7\7\7\52\28\96\25\69\79\45\58\68\40\65\49\82\75\9\11\73\96\15\80\33\8\56\35\72\57\86\51\16\10\65\75\25\69\79\45\58\68\40\65\49\82\96\35\30\36\8\9\42\10\178\7\70\72\86\119\72\138\138\110\119\83\77\110\138\14\186\38\186\125\116\131\41\192\189\219\138\86\119\138\110\119\83\77\110\138\137\38\98\186\47\189\41\137\5\240\11\5\225\162\162\189\168\189\165\171\162\204\177\204\165\165\219\138\14\186\8\9\195\18\170\7\58\95\211\158\125\180\106\233\222\98\202\95\59\211\128\222\106\202\230\153\252\230\35\26\125\15\49\35\35\224\59\70\103\26\35\7\211\95\211\158\125\180\106\233\222\87\98\68\202\32\230\153\8\9\120\28\68\7\88\71\33\235\172\243\251\33\146\252\24\172\147\74\24\24\24\24\84\147\151\109\84\24\247\37\101\151\101\230\75\42\226\172\84\42\79\24\247\37\101\151\101\230\75\42\226\172\84\42\20\180\104\92\104\189\126\231\113\146\125\121\168\92\201\105\151\17\147\147\109\235\155\8\50\218\192\17\251\117\226\71\8\9\226\12\212\7\97\59\229\214\109\245\59\220\38\190\94\210\134\210\23\8\33\139\220\215\175\20\130\130\130\130\239\224\130\49\255\63\209\63\240\69\244\44\214\254\244\19\19\170\170\170\220\185\230\175\195\230\175\185\170\215\210\195\215\210\175\175\130\38\234\219\8\20\130\130\130\130\130\130\23\210\209\58\74\219\250\89\240\139\18\68\49\169\145\23\210\8\7\219\7\7\7\89\62\83\35\64\19\38\17\48\75\85\30\6\12\56\24\86\74\75\24\30\20\84\62\84\17\34\69\29\63\71\69\88\229\251\251\251\251\64\71\78\64\68\65\251\30\20\84\62\84\17\34\69\29\63\71\69\24\24\3\3\3\12\6\16\4\8\16\4\6\3\12\19\8\12\19\4\4\251\79\67\64\73\8\7\48\7\7\7\44\58\80\80\80\80\80\80\156\159\147\145\156\80\114\121\96\150\128\130\166\92\125\163\134\136\121\156\154\163\145\120\92\157\130\115\170\166\8\8\28\7\7\7\61\93\45\110\119\97\64\73\77\131\75\40\90\125\130\83\64\109\52\39\46\77\41\76\46\81\116\120\64\90\78\131\41\89\83\94\110\107\38\60\60\60\60\60\60\94\99\44\122\76\78\106\64\96\44\8\8\176\7\7\7\84\4\160\223\206\225\3\162\159\155\224\4\235\203\209\227\205\205\207\213\5\0\2\250\136\227\165\231\242\1\243\213\212\237\165\243\162\228\140\236\160\4\160\223\206\225\3\162\159\135\170\144\144\144\144\144\144\235\225\6\248\231\204\202\225\207\232\140\236\160\4\160\223\206\225\3\162\159\8\8\221\7\7\7\53\242\173\137\162\194\188\170\192\192\190\184\136\141\139\147\5\170\232\166\155\140\154\184\185\160\232\154\235\169\1\161\237\137\237\174\191\172\138\235\238\6\227\253\253\253\253\8\7\168\7\7\7\74\200\200\21\250\235\34\30\235\219\26\13\247\212\244\216\252\216\25\22\27\253\218\217\229\24\252\245\21\11\29\23\23\9\15\255\248\250\2\208\29\223\241\234\251\237\15\12\247\223\237\218\28\212\244\216\252\216\25\22\27\253\218\217\209\178\200\200\8\8\154\7\7\7\52\186\186\186\186\203\199\1\201\174\220\247\4\209\198\230\170\206\170\233\4\231\205\168\169\181\234\206\229\5\247\237\3\3\249\251\203\202\200\208\194\237\171\225\216\199\8\9\37\18\170\7\88\28\146\113\138\130\28\75\33\9\105\53\193\53\0\223\22\204\75\64\232\147\133\133\133\133\133\133\22\141\108\75\182\130\149\75\58\77\113\9\105\53\193\53\0\223\22\204\75\64\196\245\193\116\212\102\44\234\234\80\146\226\149\171\3\221\44\130\72\251\182\28\146\113\138\130\28\75\33\9\105\53\8\7\213\7\7\7\63\41\5\70\67\72\42\7\6\254\223\245\245\245\245\245\245\27\39\62\12\28\46\23\71\70\1\33\5\41\5\70\67\72\42\7\6\18\69\41\34\66\56\74\68\68\54\60\44\37\39\47\253\74\12\30\23\8\9\205\20\204\7\93\4\78\8\225\208\152\78\87\177\9\169\61\17\61\138\99\164\30\87\74\226\79\109\109\109\109\109\109\73\112\212\186\73\109\138\165\78\74\125\34\26\164\204\109\225\112\109\73\112\212\186\73\109\56\178\60\160\47\164\251\21\186\30\212\230\213\164\165\126\87\4\152\221\87\160\229\225\239\213\213\87\126\139\239\74\226\8\7\170\7\7\7\90\213\210\219\218\215\219\218\211\211\211\213\240\252\19\225\241\3\236\28\27\229\202\27\226\239\219\26\19\235\29\231\1\227\21\9\20\29\16\18\11\255\13\202\15\24\14\180\202\202\202\202\202\202\22\25\13\11\22\202\29\249\19\1\235\235\0\229\202\14\25\202\22\25\13\11\22\202\17\20\251\28\34\13\8\8\26\7\7\7\73\82\123\97\94\82\130\112\53\111\117\47\58\103\99\129\75\89\89\76\53\123\128\73\104\114\119\82\123\97\94\82\130\112\58\125\132\126\32\58\58\58\58\58\58\124\131\104\58\104\119\129\127\96\107\45\80\41\112\53\66\66\41\64\41\65\63\8\9\124\18\170\7\64\52\151\217\107\151\217\63\63\96\87\228\115\151\76\255\71\109\220\200\65\234\220\220\220\220\220\220\220\220\109\225\255\57\71\71\46\101\98\189\255\21\170\153\195\90\151\186\123\96\192\140\24\140\87\54\109\35\8\7\163\7\7\7\96\213\212\224\19\247\240\16\6\24\18\18\4\10\250\243\245\253\203\24\218\236\229\246\232\10\7\242\218\232\213\23\207\239\211\247\211\20\17\22\248\213\212\204\173\195\195\195\195\195\195\8\17\7\173\195\195\195\195\195\195\20\211\6\27\235\8\219\238\217\248\19\29\230\254\198\20\211\6\27\235\8\219\238\217\248\19\29\230\206\8\8\73\7\7\7\74\113\113\122\111\122\114\112\113\122\119\118\122\119\114\114\38\134\64\52\57\134\8\130\66\40\66\123\12\47\7\45\53\47\117\54\134\7\18\121\43\25\23\59\117\48\134\22\56\27\33\18\53\47\56\42\17\117\42\134\54\23\8\63\59\8\120\55\8\8\138\7\7\7\69\237\211\182\241\233\197\219\215\241\217\190\204\231\244\225\182\232\197\247\211\241\219\201\201\220\5\144\170\170\170\170\237\246\247\237\144\170\170\170\170\170\170\232\248\237\233\239\144\170\170\170\170\237\244\238\144\170\170\237\244\238\144\8\7\92\7\7\7\49\193\202\192\102\200\203\191\189\200\124\194\209\202\191\208\197\203\202\124\176\195\172\140\194\149\140\178\165\173\199\141\167\132\166\207\140\148\207\206\182\190\207\8\8\30\7\7\7\72\108\109\120\121\125\93\66\93\88\91\40\104\46\95\107\85\75\69\36\62\62\130\127\123\125\130\62\128\97\43\108\116\86\131\123\40\45\73\97\39\93\51\62\122\127\62\130\127\123\125\130\62\130\108\44\120\72\131\97\79\49\70\70\46\67\8\8\23\7\7\7\66\40\43\64\68\40\43\64\50\55\133\100\42\105\113\79\130\122\45\40\76\100\46\88\52\131\105\41\125\77\130\100\86\55\124\133\123\33\55\55\131\134\122\120\131\55\104\105\90\109\90\111\120\79\42\94\131\80\86\50\8\7\197\7\7\7\96\229\41\52\229\49\52\40\38\49\229\56\250\27\54\62\48\45\38\51\2\237\237\246\240\246\245\238\242\246\245\238\0\229\54\55\8\59\8\61\38\29\248\12\49\30\36\2\56\250\27\54\62\48\45\38\51\229\42\51\41\207\229\229\60\45\46\49\42\229\15\56\245\253\56\55\31\39\56\55\54\43\42\38\6\3\237\237\245\239\8\8\142\7\7\7\78\189\181\179\182\188\190\177\188\190\181\181\174\239\252\174\205\200\203\184\248\190\207\251\229\219\192\182\182\190\179\187\181\177\187\181\174\234\239\148\174\174\174\174\242\239\235\237\242\174\201\231\198\219\221\213\212\246\195\174\234\239\174\242\239\235\237\242\174\217\237\189\8\9\229\18\170\7\83\82\214\66\88\220\74\132\19\214\245\77\214\203\195\27\214\203\192\71\60\16\176\124\157\157\11\190\55\168\212\55\168\110\69\220\82\77\118\96\8\19\93\132\140\16\0\82\214\66\88\220\74\69\60\159\49\83\69\69\69\69\137\170\38\16\137\69\8\231\236\71\63\231\0\13\85\8\8\30\7\7\7\91\51\62\122\127\62\130\127\123\125\130\62\85\79\117\101\128\120\118\91\98\49\93\88\91\40\104\46\95\107\85\75\57\70\70\70\44\67\45\42\69\65\45\42\69\67\70\45\42\65\45\42\69\69\51\62\101\88\105\120\96\88\45\118\78\49\85\79\117\101\128\120\118\91\98\62\121\128\122\36\62\62\62\62\133\8\7\50\7\7\7\72\152\82\119\153\106\133\131\123\124\154\176\111\123\120\167\152\128\120\99\170\130\82\166\154\151\160\82\160\127\101\164\172\138\157\149\104\99\135\127\105\115\111\160\127\101\164\172\138\157\149\104\99\135\127\105\115\93\163\164\117\168\117\170\147\138\8\7\45\7\7\7\98\96\116\153\134\140\77\146\155\145\55\77\77\77\77\119\160\93\101\160\159\135\143\160\159\158\147\146\142\110\106\85\119\160\93\101\160\159\135\143\160\159\158\147\146\142\110\90\114\148\101\128\126\118\119\149\86\92\85\85\95\88\94\102\86\90\94\102\86\55\77\77\77\77\110\115\112\99\163\93\124\160\134\128\106\85\110\115\112\99\163\93\8\8\25\7\7\7\69\100\104\82\72\70\98\91\110\123\99\91\42\113\73\66\68\65\65\65\39\64\42\39\66\70\42\39\66\64\65\45\70\45\66\66\31\57\57\57\57\106\103\88\107\88\113\122\81\40\92\133\82\84\54\106\103\88\107\88\113\122\81\8\8\136\7\7\7\48\185\205\244\223\229\178\176\176\186\177\186\175\179\186\175\146\168\168\235\246\236\146\168\168\250\235\252\251\250\246\168\246\211\185\250\2\224\241\233\190\183\8\8\130\7\7\7\62\53\61\83\65\120\37\28\38\120\30\27\31\33\30\98\68\8\17\25\33\53\81\42\41\15\27\48\48\77\36\21\28\31\22\25\27\28\90\56\15\82\74\15\16\40\32\15\16\17\36\37\33\65\94\65\8\9\103\26\34\7\68\153\96\105\41\247\68\240\2\144\114\37\107\164\192\154\107\199\145\30\48\221\117\239\88\192\105\10\182\30\124\58\238\95\95\247\152\10\10\114\190\10\10\114\37\199\199\107\164\192\154\107\199\202\221\96\41\96\79\154\239\48\8\9\203\12\212\7\56\46\231\136\166\252\192\253\107\107\30\211\216\231\196\107\61\10\187\227\10\5\141\181\10\5\0\201\196\176\16\1\147\147\147\187\162\227\152\172\227\152\162\147\232\172\232\152\152\107\8\9\167\26\34\7\86\228\29\7\122\217\160\169\105\55\132\48\66\208\65\55\7\19\228\101\7\7\7\7\171\228\0\218\171\7\198\76\207\208\170\18\37\95\46\37\48\55\207\48\29\85\237\48\29\10\57\38\218\122\102\159\159\159\93\216\74\207\178\254\74\207\178\216\159\74\112\254\74\112\178\178\101\7\7\7\8\9\233\18\170\7\89\73\141\174\42\20\141\73\12\235\240\75\67\235\4\17\89\136\180\235\202\59\251\249\78\218\188\122\128\161\161\15\183\4\172\194\161\26\216\26\172\172\87\73\73\73\73\108\75\73\224\86\81\122\100\12\23\97\83\136\12\235\240\75\67\235\4\17\89\73\229\97\64\163\73\163\56\26\207\39\177\130\42\8\8\236\7\7\7\91\218\219\183\175\217\171\223\146\175\221\158\166\196\149\141\218\219\183\175\217\171\213\155\158\173\154\173\164\139\196\221\169\144\195\193\204\135\146\136\246\204\204\204\204\182\157\220\228\157\158\198\142\157\158\155\138\135\139\171\223\212\182\157\220\228\157\158\198\142\157\158\155\138\135\139\171\207\167\137\228\189\187\179\182\8\7\144\7\7\7\46\248\185\191\184\184\184\194\187\194\185\189\194\185\187\184\193\194\189\193\194\185\185\154\176\176\176\176\209\214\211\198\6\192\223\3\233\227\205\184\8\9\130\14\190\7\72\73\108\87\252\188\210\171\167\241\199\189\129\108\181\76\164\108\217\202\178\161\203\224\200\98\98\98\98\153\160\87\188\87\202\41\234\231\115\118\241\27\45\153\160\87\188\87\202\41\234\231\115\118\241\27\168\154\154\224\168\217\161\175\154\217\8\9\221\26\34\7\63\242\52\128\242\232\232\155\61\61\92\7\73\155\61\61\83\92\121\140\83\7\61\7\148\166\83\235\101\206\54\223\128\44\148\242\176\155\92\7\73\155\225\26\54\16\225\61\176\234\187\44\128\216\216\167\178\8\7\54\7\7\7\99\124\173\64\154\165\64\86\86\162\165\153\151\162\86\151\125\156\121\151\176\123\173\139\167\165\103\142\115\156\171\164\153\170\159\165\164\94\156\123\121\163\157\109\142\130\111\127\176\95\64\162\165\153\151\162\86\123\110\133\129\162\141\164\166\151\169\144\131\102\155\130\173\115\177\179\64\86\86\156\165\168\86\151\142\126\107\132\133\152\167\128\115\8\8\20\7\7\7\56\44\44\67\46\67\43\45\44\60\39\60\43\43\40\53\114\79\85\103\113\65\92\72\59\75\126\42\118\52\112\105\14\52\52\52\52\104\105\117\115\104\52\77\123\118\98\82\110\82\8\8\80\7\7\7\62\74\112\112\112\112\39\54\112\54\19\17\43\53\133\24\12\119\7\58\110\43\123\123\104\104\127\106\127\103\105\104\127\133\107\127\133\103\103\112\68\40\51\46\74\112\112\112\112\112\112\9\55\50\38\22\8\7\113\7\7\7\93\219\183\174\197\216\193\161\215\170\161\199\186\194\220\162\188\153\215\182\180\222\216\168\201\189\170\186\235\159\211\204\210\201\185\166\191\192\211\226\187\206\157\215\182\180\222\216\168\201\189\170\186\235\159\220\154\123\145\145\145\145\214\221\228\214\218\215\145\215\182\180\222\216\168\201\189\170\186\235\159\222\174\174\153\153\163\8\8\174\7\7\7\67\147\165\149\145\165\149\142\218\214\201\208\180\142\142\142\142\142\142\243\229\204\248\232\212\232\161\150\150\200\233\235\209\199\151\6\242\165\245\228\144\204\3\205\6\246\153\240\239\204\221\244\1\145\200\233\235\209\199\151\6\8\7\206\7\7\7\58\26\7\23\72\252\57\247\248\52\19\17\59\53\5\38\26\7\23\72\252\55\47\247\243\0\3\4\216\238\238\238\238\238\238\55\52\238\25\71\48\36\20\56\20\10\246\246\254\248\255\247\8\8\55\7\7\7\82\34\31\8\9\36\8\9\32\32\23\75\95\92\101\23\130\80\89\109\125\97\125\20\130\80\89\109\125\97\125\34\31\31\9\12\13\34\8\12\32\36\8\12\32\23\92\101\91\65\23\23\23\23\92\99\74\92\65\23\23\23\23\23\23\130\80\89\109\125\97\125\20\93\124\122\8\7\160\7\7\7\64\13\7\215\248\236\217\233\26\206\2\251\1\248\232\213\238\239\2\17\234\253\205\6\229\227\13\7\215\248\236\217\233\26\206\11\170\192\192\192\192\192\192\9\6\192\235\25\2\246\230\10\230\220\200\200\208\203\8\9\196\10\178\7\48\111\63\75\111\63\36\32\252\243\14\36\165\47\234\198\150\2\150\123\165\47\234\198\150\2\150\69\60\60\90\99\102\69\87\102\63\75\87\102\63\36\8\7\64\7\7\7\81\165\174\164\74\96\96\96\96\165\174\164\74\96\96\96\96\133\120\143\139\172\151\174\176\161\179\154\141\112\165\140\183\155\161\152\136\117\142\143\162\177\138\157\125\162\121\159\137\183\178\114\135\104\162\121\159\137\183\178\114\135\104\159\135\108\104\166\181\174\163\180\169\175\174\8\7\41\7\7\7\49\81\82\149\152\140\138\149\73\148\102\81\81\90\89\90\83\90\82\84\81\90\91\86\90\91\82\82\100\149\152\140\138\149\73\139\102\164\81\81\81\91\90\8\7\116\7\7\7\57\170\159\169\157\161\169\157\159\156\165\170\161\165\170\157\157\160\156\156\166\165\171\159\165\169\157\161\165\169\157\160\156\156\166\165\169\159\165\173\157\161\165\173\157\160\156\156\156\166\164\8\7\33\7\7\7\79\87\76\82\85\74\78\82\85\74\76\73\82\82\78\82\82\74\74\77\73\73\73\83\82\82\76\88\74\78\88\74\76\73\82\82\78\82\82\74\74\77\73\73\73\83\81\85\76\83\74\78\83\74\76\73\82\82\78\82\82\74\74\158\92\135\144\147\65\138\94\73\73\8\9\230\20\204\7\59\99\8\99\251\21\238\99\112\47\99\112\251\251\34\173\224\134\250\137\134\98\137\237\211\98\134\228\255\224\133\59\159\47\85\229\134\59\20\134\228\242\86\134\202\46\7\124\134\228\255\228\21\8\8\65\7\7\7\53\25\25\25\15\22\19\24\18\18\26\30\18\18\26\24\25\15\15\30\15\15\26\26\33\102\91\101\8\33\95\104\90\110\14\80\85\79\90\91\100\27\96\89\98\79\25\8\9\16\26\34\7\66\210\27\112\143\58\124\113\112\134\143\172\191\134\58\112\172\67\86\20\143\122\105\77\58\105\67\172\8\86\27\112\143\58\124\27\8\27\27\84\8\162\191\58\105\172\219\77\58\8\27\20\77\105\67\20\112\1\151\8\8\8\84\7\7\7\90\108\108\131\123\132\109\131\130\107\103\131\130\107\109\108\123\103\123\107\107\125\40\41\53\51\40\116\54\119\61\108\108\133\133\110\131\107\109\108\131\123\103\131\123\107\107\104\108\108\133\124\109\131\132\107\103\131\132\107\104\108\108\133\131\110\131\107\109\108\131\134\103\131\134\107\107\104\108\108\128\124\109\130\8\9\160\24\248\7\84\89\157\54\89\237\139\102\255\50\192\153\173\72\72\225\123\105\89\157\105\89\140\243\34\192\68\255\192\204\255\51\17\204\192\118\173\34\171\153\205\157\187\139\192\153\102\192\118\156\72\72\208\106\225\89\123\72\242\225\157\242\225\89\89\192\84\136\85\238\192\118\173\118\123\72\72\72\8\7\147\7\7\7\79\197\200\201\190\198\188\192\198\188\190\187\203\192\203\188\188\179\248\1\247\206\179\245\238\252\240\208\6\7\5\252\1\250\193\246\251\244\5\187\9\188\179\248\1\247\206\179\5\248\7\8\5\1\179\7\244\245\255\248\193\246\2\1\246\244\7\187\245\188\179\248\1\8\7\179\7\7\7\97\23\220\219\220\220\219\254\44\21\9\249\29\249\220\189\211\211\24\33\23\189\211\211\37\24\39\40\37\33\211\21\236\18\252\42\37\229\250\219\18\250\14\219\25\40\33\22\39\28\34\33\219\220\31\34\22\20\31\211\30\240\219\219\228\236\231\222\228\228\220\224\228\228\220\238\31\34\22\20\31\211\21\240\46\219\219\219\232\231\222\8\8\140\7\7\7\81\187\186\179\175\187\186\179\181\180\187\188\175\187\188\179\179\176\180\180\189\183\181\187\184\179\175\187\184\179\176\180\180\180\189\186\181\187\189\179\175\187\189\179\181\180\184\175\184\179\179\176\180\180\184\186\182\187\179\181\180\187\186\175\187\186\179\179\176\180\180\180\189\195\181\8\8\133\7\7\7\91\86\85\94\90\86\85\94\92\93\86\80\90\86\80\94\94\10\76\31\24\19\101\30\74\86\89\100\35\101\33\24\101\25\24\36\38\25\101\15\74\35\44\30\42\90\28\76\101\30\31\101\15\73\93\93\85\91\86\94\92\93\83\86\90\83\86\94\94\101\17\29\34\23\101\15\74\15\92\93\93\83\82\79\92\8\8\54\7\7\7\62\33\13\9\33\13\22\81\72\82\27\22\84\123\77\121\25\99\98\100\77\72\79\8\83\78\85\100\14\96\13\22\81\72\82\27\22\100\81\98\97\100\72\22\98\85\84\74\81\8\83\71\72\83\85\98\8\8\158\7\7\7\66\198\252\197\190\249\0\250\197\198\197\209\194\188\210\181\181\210\173\173\173\210\173\173\174\210\181\181\210\181\167\210\173\173\168\188\197\198\217\182\223\227\2\199\0\238\253\235\212\225\174\249\226\231\197\164\190\190\249\0\8\8\89\7\7\7\71\61\95\121\121\69\68\56\58\69\121\49\105\44\11\11\109\70\29\50\30\43\30\106\112\121\61\68\121\69\68\56\58\69\121\45\36\9\62\70\45\7\42\11\46\67\17\56\118\129\129\106\128\113\130\134\113\130\112\121\49\105\44\11\11\8\9\202\12\212\7\82\206\235\30\39\35\24\35\191\251\14\85\90\195\235\14\100\255\120\19\240\130\185\106\195\240\190\252\106\106\230\245\185\175\230\106\110\140\201\39\186\9\255\105\29\225\251\49\59\252\106\106\110\140\201\39\186\9\255\105\29\225\145\191\155\251\200\19\240\185\14\215\245\240\146\176\8\7\33\7\7\7\94\79\79\74\65\147\134\149\150\147\143\65\130\104\135\100\130\155\102\152\118\146\144\82\121\73\79\79\79\74\65\134\143\133\43\65\65\98\128\139\118\82\154\154\111\152\103\152\94\135\150\143\132\149\138\144\143\73\79\79\79\74\43\65\65\65\65\141\144\132\130\141\65\102\83\153\136\117\109\120\150\85\110\82\143\94\73\73\8\9\207\20\204\7\61\76\254\89\228\24\89\228\81\111\111\111\111\218\23\36\75\240\111\179\153\192\240\111\227\114\81\111\111\111\111\111\111\36\253\111\80\89\231\10\19\171\58\192\115\184\76\101\232\232\76\111\179\23\240\8\7\108\7\7\7\76\218\118\140\140\140\140\140\140\140\140\222\209\224\225\222\218\140\192\198\159\229\156\223\221\191\227\215\199\228\156\227\194\194\160\217\176\229\177\226\177\157\201\148\154\154\154\149\118\140\140\140\140\140\140\209\216\223\209\118\140\140\140\140\140\140\140\140\222\209\8\9\234\12\212\7\61\46\51\36\16\138\16\247\6\28\138\138\138\138\138\138\227\16\222\28\138\138\138\138\227\16\222\28\138\138\227\16\222\28\227\16\222\28\6\21\217\207\6\138\56\76\223\92\36\62\107\102\227\222\167\8\7\60\7\7\7\52\70\160\171\70\92\92\168\171\159\157\168\92\178\109\143\109\139\132\169\116\159\155\121\162\177\170\159\176\165\171\170\100\146\134\171\136\147\174\126\165\157\158\165\164\128\8\8\17\7\7\7\95\105\42\7\109\108\112\114\109\49\110\107\111\119\103\133\118\89\114\116\117\114\104\64\62\120\126\7\49\49\115\108\127\49\114\121\105\128\97\112\79\130\62\41\41\66\40\66\65\42\46\66\65\42\45\48\99\71\108\77\100\127\79\106\114\111\106\105\85\105\49\117\108\49\110\107\111\119\103\133\118\89\114\116\117\114\104\64\88\8\7\151\7\7\7\51\248\15\255\10\231\250\217\8\244\212\249\208\246\224\14\9\201\222\191\246\222\242\191\253\12\5\250\11\0\6\5\191\192\3\6\250\248\3\183\2\212\200\200\204\8\7\190\7\7\7\74\249\42\45\33\31\42\222\32\251\57\230\230\230\240\241\238\233\240\231\235\240\231\233\230\239\246\235\239\246\231\231\234\230\230\240\241\239\232\239\231\233\230\244\235\244\231\231\234\230\230\240\240\247\232\239\231\233\230\243\235\243\231\231\234\230\230\240\8\7\105\7\7\7\79\155\153\148\154\153\146\150\154\153\146\149\145\145\145\155\155\158\148\154\158\146\150\154\158\146\148\145\155\154\150\155\154\146\146\149\155\154\161\230\164\207\216\219\137\210\166\145\145\145\154\148\162\146\150\162\146\148\145\158\150\158\146\146\149\140\203\137\205\216\137\213\216\8\9\175\20\204\7\86\182\156\43\79\173\200\169\78\4\104\248\30\174\79\4\221\79\173\187\183\183\31\222\44\70\196\248\44\70\196\79\147\247\208\69\79\173\200\173\222\183\183\183\57\96\109\222\122\196\248\122\196\222\183\44\109\248\44\109\196\196\79\208\69\195\174\79\169\78\4\104\200\134\147\121\4\69\234\5\8\7\158\7\7\7\64\1\6\255\16\198\20\199\190\3\12\2\217\190\16\3\18\19\16\12\190\18\255\0\10\3\204\1\13\12\1\255\18\198\0\199\190\3\12\2\199\198\199\251\202\198\4\19\12\1\18\7\13\12\198\199\10\13\8\7\141\7\7\7\43\240\238\249\173\248\202\181\181\181\190\198\189\184\190\191\182\186\190\191\182\184\181\190\196\186\190\196\182\182\200\249\252\240\238\249\173\8\9\127\24\248\7\49\1\140\170\39\39\39\226\226\90\209\56\124\209\56\90\39\192\55\124\192\55\56\56\107\39\39\39\226\55\90\192\72\56\124\192\72\56\90\39\38\124\38\8\8\148\7\7\7\76\171\171\168\172\172\172\197\195\173\188\171\167\188\171\173\172\193\167\193\171\171\168\172\172\192\188\174\195\171\173\172\198\196\167\198\196\171\171\247\189\242\233\6\180\235\183\172\172\195\174\195\171\173\172\198\198\167\198\198\171\171\168\181\246\180\240\233\180\232\8\8\50\7\7\7\67\75\79\81\78\18\100\29\80\119\73\125\13\71\23\18\73\84\18\100\30\10\10\10\34\7\33\33\9\13\33\33\9\7\10\33\35\13\33\35\9\9\18\102\74\85\76\18\100\29\100\7\10\10\32\37\36\7\31\9\13\8\9\82\24\248\7\52\181\11\114\7\160\246\61\114\212\93\75\127\95\245\6\228\75\160\41\96\229\58\195\228\250\40\11\114\7\160\246\61\114\228\7\6\23\228\160\114\6\195\212\126\7\8\8\178\7\7\7\80\140\207\203\204\207\209\230\138\208\137\146\213\204\214\137\138\137\137\138\4\232\203\238\3\224\240\201\209\208\201\202\246\202\247\209\218\202\223\2\207\240\225\253\137\146\213\204\214\168\146\146\224\213\230\229\224\204\146\208\153\251\233\227\224\160\243\138\208\153\251\233\227\224\8\7\76\7\7\7\63\126\147\116\171\147\120\116\178\193\186\175\192\181\187\186\116\117\184\187\175\173\184\108\183\137\116\116\116\131\126\119\125\130\117\121\125\130\117\119\116\133\121\133\117\117\135\184\187\175\173\184\108\174\137\199\116\8\7\224\7\7\7\61\8\8\17\24\24\11\22\9\13\22\9\11\8\17\21\13\17\21\9\9\12\8\8\17\22\25\11\17\25\9\13\17\25\9\12\8\8\8\17\23\16\11\19\9\13\19\9\11\8\17\22\13\17\22\8\7\121\7\7\7\93\162\162\165\161\161\170\177\169\163\170\162\164\161\170\170\166\170\170\162\162\165\170\176\172\246\180\223\232\235\153\226\182\161\161\170\163\170\162\164\161\170\173\166\170\173\162\162\165\156\219\153\221\232\153\229\232\220\218\229\153\239\182\219\212\226\214\166\228\180\153\226\223\153\239\181\161\161\169\163\170\162\164\161\170\176\166\8\8\158\7\7\7\48\173\167\197\197\190\234\6\249\0\190\232\177\232\195\198\198\172\169\168\196\173\197\195\198\168\193\168\197\197\190\249\0\250\179\190\252\211\5\209\177\235\8\7\29\7\7\7\50\145\143\134\139\132\75\128\133\126\143\69\147\70\61\130\139\129\88\61\143\130\145\146\143\139\61\145\126\127\137\130\75\128\140\139\128\126\145\69\127\70\61\130\8\8\191\7\7\7\58\221\227\152\151\152\152\155\161\235\136\136\235\144\144\144\235\144\144\143\235\136\136\235\136\150\235\144\144\149\161\152\151\220\221\225\201\217\211\228\231\224\230\227\224\218\146\152\185\159\159\228\8\9\52\24\248\7\92\130\216\222\84\84\96\147\199\165\96\84\233\45\12\113\44\201\149\232\133\11\65\117\222\84\84\96\147\199\165\96\84\29\147\47\130\27\253\10\115\249\31\84\216\147\84\96\147\199\165\96\84\64\134\29\219\216\199\150\131\182\200\218\65\95\129\31\84\29\147\47\130\27\253\10\115\249\65\64\134\29\219\216\199\150\8\9\63\20\204\7\56\18\57\131\205\223\96\213\83\193\223\223\196\226\14\213\74\36\61\66\48\222\71\71\188\97\188\84\110\71\240\136\240\84\84\248\88\109\48\213\70\35\148\226\213\71\149\149\149\84\8\7\114\7\7\7\60\146\228\215\230\231\228\224\146\232\163\197\163\193\186\223\170\213\209\154\160\160\160\155\146\215\224\214\124\146\146\232\236\163\188\228\182\191\190\215\214\203\175\216\231\224\213\230\219\225\224\154\160\160\8\7\97\7\7\7\85\143\138\107\129\129\129\129\205\208\196\194\205\129\192\151\147\217\177\184\219\209\177\209\146\158\146\107\129\129\129\129\216\201\202\205\198\129\213\211\214\198\129\197\208\107\129\129\129\129\129\129\202\199\129\192\151\147\217\177\184\219\209\177\209\146\158\158\137\137\146\139\146\138\140\137\146\146\142\8\9\85\12\212\7\62\74\74\34\34\245\153\93\78\123\135\245\245\245\245\245\245\245\245\143\78\153\158\143\123\245\18\128\204\123\168\114\163\224\158\28\78\98\13\118\173\174\234\153\154\88\38\29\59\59\59\34\135\245\245\245\8\7\155\7\7\7\62\187\187\187\0\7\14\0\165\187\187\187\187\187\187\187\187\13\0\15\16\13\9\187\9\4\7\165\187\187\187\187\187\187\0\9\255\165\187\187\187\187\0\9\255\165\187\187\0\9\255\165\0\9\255\165\8\8\126\7\7\7\95\34\31\27\29\34\94\28\76\40\71\41\60\68\76\71\58\70\60\83\94\26\31\94\34\31\27\29\34\94\12\39\71\7\31\74\59\61\69\42\81\47\55\83\94\28\76\40\71\41\60\68\76\71\58\70\60\81\12\39\71\7\31\74\59\61\69\42\94\25\32\26\132\34\31\27\29\34\94\24\56\10\63\67\43\35\36\12\12\8\8\145\7\7\7\56\220\191\229\6\238\5\190\243\6\235\240\5\234\236\235\169\211\215\234\255\214\255\250\229\238\5\255\234\199\201\173\242\2\233\236\215\245\199\223\233\236\249\185\205\238\170\177\255\246\8\8\150\7\7\7\61\2\1\4\232\182\208\220\237\4\209\4\253\226\233\2\4\237\204\206\219\245\5\238\231\220\242\204\228\238\231\254\190\202\233\217\182\241\232\242\140\234\231\243\245\234\182\205\209\228\197\253\232\240\213\8\7\127\7\7\7\76\236\183\249\240\226\207\236\222\186\159\227\238\159\235\238\226\224\235\159\246\197\240\232\247\205\229\235\244\188\225\177\213\182\212\193\201\177\182\195\199\193\218\245\249\176\201\241\195\204\203\228\227\216\167\250\167\167\176\175\178\169\176\168\170\167\176\179\172\176\8\8\17\7\7\7\88\69\42\42\45\41\41\66\65\66\40\66\58\42\46\66\58\42\45\41\41\66\66\67\39\66\42\40\41\63\66\46\63\66\42\42\45\41\41\41\66\65\63\40\66\64\42\46\66\64\42\40\41\66\57\46\66\57\42\42\45\41\41\41\66\65\66\40\66\58\42\46\66\58\42\40\41\63\65\46\63\65\8\8\120\7\7\7\72\95\95\100\71\71\72\100\96\96\96\71\71\80\97\77\95\99\77\95\97\96\77\99\77\95\95\19\95\51\81\88\63\59\42\71\15\38\30\55\35\80\18\7\25\40\35\53\83\13\62\7\31\16\70\30\36\11\88\27\38\28\130\31\30\88\8\9\220\20\204\7\48\145\93\6\89\1\114\10\41\101\180\14\153\227\236\101\175\124\192\36\253\114\94\124\124\214\102\58\167\45\54\158\102\167\80\132\54\245\145\93\6\89\8\7\84\7\7\7\76\205\194\186\149\193\140\206\197\183\164\193\179\124\125\94\185\192\199\185\189\186\116\179\153\162\170\116\200\188\185\194\94\116\116\182\134\170\139\169\150\158\134\139\152\156\150\145\179\153\162\170\94\185\194\184\94\192\195\183\181\192\116\153\154\170\156\166\200\186\8\8\210\7\7\7\50\143\185\186\180\193\247\242\182\171\242\174\171\175\177\174\242\174\195\161\2\138\135\194\172\4\253\183\200\242\242\196\184\1\136\192\150\141\142\181\182\153\234\183\8\7\180\7\7\7\66\220\220\229\228\236\222\229\221\223\220\231\225\231\221\221\224\229\229\229\224\220\220\237\235\223\234\221\225\234\221\224\220\220\229\228\228\223\235\221\225\235\221\49\221\224\190\212\212\42\46\229\254\38\248\1\0\25\24\13\8\7\180\7\7\7\46\220\47\220\220\229\229\233\223\229\235\221\225\229\235\221\224\229\229\234\224\220\220\229\229\232\222\229\221\223\220\236\225\236\221\221\224\220\220\229\8\9\106\30\174\7\48\186\45\48\209\25\71\2\209\91\117\209\91\25\25\94\2\2\2\209\209\186\71\209\114\25\117\209\114\25\71\2\91\117\91\25\25\94\209\186\255\165\8\7\181\7\7\7\55\222\225\191\213\213\43\47\230\255\39\249\2\1\26\25\14\221\48\221\221\230\230\235\223\230\222\224\221\230\232\226\230\232\222\222\225\221\221\238\236\224\230\233\222\226\230\233\222\8\7\31\7\7\7\93\75\88\87\75\71\71\80\79\87\73\80\72\74\71\81\80\76\81\80\72\72\75\71\71\71\80\79\80\74\85\72\76\85\72\74\71\86\76\86\72\72\156\72\75\41\63\63\149\153\80\105\145\99\108\107\132\131\120\71\154\71\71\88\88\73\80\72\74\71\80\85\76\80\85\72\72\75\80\79\83\75\71\71\88\86\74\8\7\85\7\7\7\96\134\141\126\130\134\141\126\129\125\125\125\134\134\137\128\134\139\126\130\134\139\126\128\125\135\136\130\135\136\126\126\210\126\129\95\117\117\203\207\134\159\199\153\162\161\186\185\174\125\208\125\125\142\142\128\134\133\126\130\134\133\126\129\134\134\134\129\134\134\133\129\125\125\142\142\128\136\126\130\136\126\129\125\125\142\140\127\134\126\8\7\165\7\7\7\62\208\205\214\221\210\214\221\206\206\209\205\205\214\214\219\207\214\206\208\205\214\214\210\214\214\206\206\34\206\175\34\224\197\234\235\251\237\247\25\11\232\30\29\11\22\226\17\28\246\213\237\240\21\19\219\8\9\160\12\212\7\74\64\153\198\148\210\188\203\143\133\188\64\253\68\58\133\33\123\164\168\78\223\239\33\23\8\178\199\64\148\203\64\188\203\143\133\188\64\203\123\243\178\63\163\228\48\58\98\244\209\158\254\228\43\23\63\183\178\218\218\123\154\68\233\193\228\104\138\8\9\209\30\174\7\73\79\139\194\116\191\119\79\194\237\73\191\197\4\27\139\73\47\61\251\214\176\153\251\248\254\105\105\105\56\174\171\128\220\171\128\174\105\56\125\220\56\125\128\128\44\128\30\177\176\93\47\136\188\90\125\41\139\38\214\188\142\73\87\76\202\90\8\9\195\10\178\7\83\40\1\188\248\31\179\185\209\143\35\242\13\239\225\7\16\236\230\7\35\46\173\10\224\146\236\28\49\107\233\200\179\13\116\35\239\16\35\7\16\236\230\7\35\239\34\104\25\149\1\167\173\122\245\149\31\176\164\188\4\1\25\25\224\89\191\34\10\31\59\233\89\197\104\194\137\8\9\80\28\68\7\52\98\106\211\228\56\186\236\249\14\94\56\10\212\174\207\61\40\174\149\199\152\152\152\106\215\85\169\173\1\85\169\173\215\152\106\106\1\106\106\173\173\241\173\240\107\8\8\207\7\7\7\85\193\239\194\195\193\168\173\182\250\239\184\141\172\158\148\178\194\185\247\177\166\159\173\252\179\196\6\193\149\169\139\141\239\180\173\179\201\171\174\178\176\171\239\184\196\197\3\166\4\183\158\144\178\1\6\172\185\250\239\179\174\239\171\174\178\176\171\239\163\1\151\164\184\167\161\195\146\174\8\7\59\7\7\7\85\120\161\129\175\138\134\142\166\165\173\173\154\109\143\176\168\175\99\157\109\145\114\144\125\133\109\114\127\131\125\103\128\129\145\131\141\175\161\126\180\179\161\172\150\99\99\110\102\108\107\100\104\108\107\100\152\100\91\170\173\91\175\156\157\167\160\118\91\180\176\177\111\146\112\179\154\124\158\8\8\151\7\7\7\65\169\174\4\241\180\203\169\207\204\240\255\201\235\218\6\183\252\5\251\161\3\6\250\248\3\183\204\216\220\236\207\214\208\228\0\169\225\221\217\5\201\3\178\183\251\6\183\3\6\250\248\3\183\6\173\173\251\219\8\7\34\7\7\7\81\118\132\104\111\115\119\109\149\95\136\104\150\113\109\117\141\140\148\148\129\84\118\151\143\150\74\155\112\143\129\103\133\149\156\90\132\121\114\144\78\103\104\120\106\116\150\136\101\155\154\136\147\125\74\74\86\76\83\75\77\74\83\91\79\83\91\75\75\127\75\93\66\119\99\8\7\42\7\7\7\70\111\159\130\137\131\119\147\92\116\112\108\152\124\150\103\153\96\96\142\110\126\140\112\119\123\127\117\157\74\143\152\142\52\150\153\141\139\150\74\137\132\124\125\90\124\143\150\123\139\143\98\140\148\161\115\101\74\142\153\74\150\153\141\8\8\164\7\7\7\90\3\248\196\239\215\6\0\1\241\181\203\248\236\204\5\167\2\226\240\217\221\213\253\254\246\246\201\182\208\239\247\240\188\235\239\242\176\209\175\236\201\227\5\182\177\247\238\184\223\226\210\220\214\240\2\229\235\236\2\243\205\188\188\175\189\179\172\187\183\179\172\187\199\187\173\196\201\206\214\213\180\214\255\8\9\24\10\178\7\75\92\11\59\71\192\62\86\125\243\207\119\255\62\68\77\125\177\35\92\128\32\65\120\71\98\68\54\92\101\65\59\92\120\252\62\174\26\134\107\237\189\53\134\201\120\68\101\120\92\101\65\59\92\120\5\35\116\192\17\86\195\183\53\95\219\207\137\143\8\8\205\7\7\7\59\4\237\145\171\251\151\195\190\136\248\160\195\2\144\166\185\5\156\179\6\250\160\178\142\237\170\175\169\211\177\176\172\174\177\237\138\136\177\181\151\137\251\148\149\154\195\195\153\176\4\237\169\8\8\102\7\7\7\92\55\134\58\55\67\69\58\134\47\60\21\68\54\22\51\54\29\105\126\126\126\117\123\117\115\125\121\117\115\125\123\126\117\109\121\117\109\125\125\107\134\33\31\58\62\16\34\116\27\30\17\44\44\18\55\105\47\60\21\68\54\22\51\54\29\134\65\56\66\92\58\55\67\69\58\134\20\24\7\114\16\23\27\34\29\8\8\79\7\7\7\46\69\41\14\122\111\51\46\111\43\46\50\48\43\111\50\39\49\33\42\49\21\33\9\64\64\131\10\124\45\40\43\122\111\33\13\30\131\37\14\8\9\23\10\178\7\48\248\227\242\121\85\4\206\64\79\61\13\88\61\233\13\245\106\106\179\248\119\70\97\67\53\91\100\64\58\91\119\127\167\64\194\239\127\236\22\10\97\8\8\17\7\7\7\86\121\65\127\58\56\49\117\108\49\109\108\112\114\109\49\111\118\117\121\104\75\79\131\102\131\133\112\62\41\41\66\40\66\58\42\46\66\58\42\56\49\121\65\112\58\73\121\84\102\98\107\121\65\127\58\62\111\118\117\121\104\75\79\131\102\131\133\112\49\118\107\117\7\109\108\112\114\109\49\8\7\155\7\7\7\53\15\6\211\207\227\241\13\11\10\204\228\209\211\223\214\187\255\10\187\7\10\254\252\7\187\222\234\255\222\5\221\222\243\16\216\203\214\187\15\6\211\207\227\241\13\11\8\8\95\7\7\7\76\62\112\24\117\103\35\108\34\30\67\34\57\33\34\7\52\127\68\61\67\89\59\62\66\64\59\127\15\36\57\9\112\18\70\30\35\48\106\127\67\62\127\59\62\66\64\59\127\40\113\49\69\16\28\52\25\65\38\103\18\7\108\42\44\106\127\15\36\57\8\7\97\7\7\7\74\187\146\180\200\176\165\210\158\218\147\211\199\178\174\214\171\195\168\153\180\185\129\198\207\197\107\205\208\196\194\205\129\176\180\218\183\205\185\171\216\184\197\167\219\148\158\220\188\137\137\137\146\140\151\138\142\151\138\140\137\147\145\142\147\145\138\138\8\9\107\12\212\7\57\60\156\51\51\96\106\126\61\96\56\66\51\96\101\76\96\101\56\56\71\50\51\51\101\61\96\56\66\51\101\91\76\101\91\56\56\60\156\51\51\51\101\111\131\66\96\126\56\76\96\8\7\134\7\7\7\71\189\175\177\174\189\179\189\175\175\3\144\214\203\240\224\183\217\237\213\202\247\225\213\217\255\220\242\222\208\253\221\234\204\0\185\225\174\174\183\177\183\189\175\179\183\189\175\227\227\195\236\251\244\233\250\239\245\244\174\231\201\212\201\224\8\9\166\12\212\7\46\199\104\19\209\144\199\19\179\150\54\34\115\216\70\70\34\144\160\84\8\219\9\185\129\8\109\85\34\144\160\84\8\219\9\185\129\8\125\110\8\7\79\7\7\7\83\119\128\121\128\120\122\119\128\128\124\128\128\120\120\172\140\144\174\185\164\128\200\200\157\198\149\198\119\176\146\157\146\169\188\169\152\190\177\188\152\184\127\159\155\120\89\111\111\148\150\187\183\165\147\129\154\151\164\201\201\163\190\140\148\150\187\183\165\147\129\154\151\164\201\201\163\8\8\147\7\7\7\76\234\174\196\141\179\179\251\195\246\188\203\251\210\224\228\233\251\195\5\188\184\171\171\196\173\196\172\174\171\196\191\168\196\191\172\172\141\240\233\239\141\227\208\237\221\196\230\242\202\207\4\222\202\230\252\225\231\219\205\2\226\239\209\253\198\222\171\171\197\8\7\95\7\7\7\61\137\144\136\138\135\144\151\140\144\151\136\136\188\188\156\197\212\205\194\211\200\206\205\135\136\105\127\127\203\206\194\192\203\127\215\151\198\217\179\172\151\192\209\183\200\216\175\156\190\185\177\178\143\177\8\8\154\7\7\7\63\253\6\201\249\253\178\248\0\235\225\194\230\248\168\204\240\233\219\171\211\240\193\160\186\186\6\3\247\249\6\186\5\202\219\230\215\232\224\172\203\178\229\198\241\254\200\254\0\251\251\220\1\3\5\3\242\8\9\82\30\174\7\62\98\231\248\205\49\222\176\9\61\219\254\170\12\167\87\61\15\202\216\234\26\90\147\72\222\61\90\9\144\58\193\49\130\70\52\193\6\70\236\78\121\185\254\101\107\61\101\234\234\185\162\47\44\44\93\8\9\59\10\178\7\62\221\221\182\182\191\97\209\61\224\58\1\25\209\224\7\19\1\182\89\155\155\118\109\155\133\136\151\155\130\43\16\31\4\145\25\221\64\227\34\155\151\115\106\133\155\88\16\76\179\109\154\133\100\151\118\8\8\35\7\7\7\77\122\121\59\60\119\122\134\132\119\67\126\40\59\59\44\52\61\52\60\62\59\52\48\56\52\48\60\60\46\119\122\134\132\119\67\133\40\110\59\59\59\52\44\53\62\53\60\56\53\60\62\59\53\53\56\53\53\60\60\55\59\59\53\51\48\61\52\60\62\59\8\8\230\7\7\7\90\241\249\241\253\253\250\244\246\241\250\254\254\244\246\244\251\245\243\253\249\245\243\253\250\254\254\244\246\241\251\245\244\253\249\245\244\253\169\235\192\183\180\6\189\233\254\254\245\252\245\253\251\254\244\244\249\244\244\253\253\250\3\196\6\194\183\6\186\183\195\197\186\6\176\233\196\139\189\137\249\187\235\6\8\8\109\7\7\7\73\22\7\77\23\97\85\85\85\93\84\91\86\82\91\86\84\85\102\82\102\86\86\77\25\21\10\15\77\23\98\23\84\85\85\91\90\87\84\94\90\86\82\94\90\86\77\10\15\9\100\77\11\68\22\66\98\28\25\27\22\15\8\79\12\21\14\8\9\154\24\248\7\72\44\66\112\83\186\79\232\62\133\186\44\79\78\95\44\232\186\78\11\28\198\79\168\45\249\232\45\11\78\66\28\83\186\79\232\62\83\66\83\199\66\163\62\12\62\164\113\113\64\147\249\215\249\146\10\253\132\83\186\79\232\62\68\186\186\8\7\141\7\7\7\91\250\221\212\217\208\255\215\195\228\197\218\181\182\151\173\173\5\189\240\198\213\5\212\226\222\251\5\189\255\198\202\181\181\181\198\198\184\190\196\182\186\190\196\182\184\181\190\191\186\190\191\182\182\151\242\251\241\151\221\210\247\231\190\224\244\220\209\254\232\181\181\189\184\198\182\186\198\182\234\202\243\2\251\240\8\8\176\7\7\7\61\228\199\205\206\136\135\170\144\144\216\160\209\151\232\216\245\3\255\206\216\160\226\151\155\136\136\151\151\138\159\135\137\136\161\139\161\135\135\170\211\206\212\170\229\200\199\204\211\144\228\226\227\211\144\8\9\103\20\204\7\55\123\10\233\7\7\188\149\7\127\215\110\76\15\127\2\184\132\253\127\215\49\76\128\128\111\111\228\137\228\124\150\111\228\215\176\228\215\124\124\7\75\175\136\253\233\7\7\7\8\7\63\7\7\7\50\95\145\141\158\115\149\142\138\131\136\181\169\142\124\176\111\162\183\135\164\119\138\117\148\175\185\130\154\132\134\171\167\149\131\113\138\135\148\185\185\147\174\156\8\8\104\7\7\7\89\114\72\72\72\72\15\14\72\22\21\28\72\58\54\69\92\62\53\49\44\47\30\18\53\72\28\16\11\22\72\32\88\9\95\48\32\45\59\55\22\32\88\26\95\99\95\95\72\11\20\25\11\72\32\88\9\95\48\32\45\59\55\22\32\88\26\95\99\80\80\90\81\91\79\83\91\79\72\11\22\12\114\8\7\187\7\7\7\80\219\219\32\39\46\32\36\33\219\51\235\30\244\3\51\2\16\12\41\51\235\45\244\248\248\237\219\47\35\32\41\197\219\219\219\219\39\42\30\28\39\219\53\33\254\6\10\241\52\246\219\31\42\219\39\42\30\28\39\219\50\8\0\242\241\43\242\238\46\240\35\40\248\8\9\148\20\204\7\72\164\21\246\38\17\203\207\151\8\81\51\151\203\185\242\16\12\86\159\255\168\34\198\43\51\190\138\103\56\242\151\99\8\73\146\246\151\234\55\68\77\52\55\94\52\156\156\156\4\195\69\169\221\69\169\195\156\17\95\221\17\95\169\169\77\8\7\73\7\7\7\83\105\184\187\105\153\142\179\163\122\156\176\152\141\186\164\121\166\132\105\195\175\140\148\152\127\194\134\192\150\142\128\127\185\128\124\188\126\177\182\105\174\183\173\83\105\105\105\105\195\175\140\148\152\127\194\113\155\151\168\125\159\152\148\141\146\191\179\152\114\83\105\105\174\181\188\174\8\9\89\30\174\7\88\200\131\57\33\169\62\120\209\33\186\252\160\59\33\169\151\120\212\212\241\241\241\238\54\192\74\8\100\192\74\8\54\241\238\100\238\8\8\57\197\177\108\59\63\57\57\57\57\45\39\215\19\79\128\186\74\226\79\134\126\45\39\215\19\79\128\186\74\226\79\54\241\241\241\192\54\192\5\8\100\192\8\9\20\24\248\7\78\136\205\239\188\221\17\221\205\205\65\33\101\99\30\185\85\29\29\66\251\186\251\188\134\66\99\136\202\83\15\152\237\234\30\83\205\190\52\52\52\52\169\203\64\252\202\152\102\15\220\185\46\46\168\115\33\169\203\64\252\202\152\102\15\220\185\46\46\168\115\239\8\9\53\12\212\7\97\253\253\253\42\12\42\72\2\22\42\72\2\12\253\62\22\62\2\2\103\213\213\213\213\141\37\36\82\157\141\152\222\202\91\141\37\111\82\102\253\253\42\12\72\2\22\72\2\103\213\213\46\81\116\46\66\51\213\141\37\36\82\157\141\152\222\202\91\141\37\111\82\102\102\253\253\57\7\42\2\12\253\42\47\22\42\47\2\2\213\8\9\145\28\68\7\56\21\25\218\151\99\49\49\49\49\105\129\176\62\121\105\100\138\54\151\105\129\235\62\146\217\217\150\24\150\213\238\66\150\213\238\99\49\49\218\109\0\218\46\239\49\105\129\176\62\8\7\195\7\7\7\48\11\59\10\24\20\49\59\243\53\252\0\0\235\235\235\250\238\244\246\236\240\244\246\236\238\235\245\246\240\245\246\236\236\227\55\43\40\49\205\227\227\8\7\172\7\7\7\72\204\204\32\23\228\224\244\2\30\28\27\221\245\226\228\240\233\32\23\228\224\244\2\30\28\27\221\245\226\228\240\215\221\182\204\204\204\204\21\18\204\32\23\228\224\244\2\30\28\27\221\245\226\228\240\234\212\212\222\214\221\213\215\212\226\8\8\224\7\7\7\80\251\246\247\247\0\180\184\195\190\0\168\240\193\231\152\168\165\147\143\190\168\240\178\231\235\248\248\239\249\239\245\247\251\239\245\247\0\195\188\177\195\0\168\240\193\231\152\168\165\147\143\190\168\240\178\231\235\248\248\248\245\249\239\245\247\251\239\245\247\249\248\239\232\8\8\53\7\7\7\74\10\38\29\14\14\21\82\71\81\43\21\21\82\73\100\82\43\21\21\21\21\83\99\82\86\76\43\21\21\82\71\81\43\21\21\78\79\21\13\114\112\73\77\127\113\35\108\109\130\91\91\129\72\18\13\13\30\32\12\38\31\14\10\38\31\14\14\8\7\140\7\7\7\94\201\201\180\180\180\189\191\183\191\181\185\191\181\183\180\195\185\195\181\181\172\237\250\240\172\4\188\239\197\212\4\211\225\221\250\4\188\254\197\201\201\180\180\189\182\189\181\183\180\194\185\194\181\181\172\237\250\240\172\0\247\196\192\212\226\254\252\251\189\213\194\196\208\201\201\180\180\180\188\183\196\181\185\196\181\183\180\8\9\176\26\34\7\96\235\7\235\187\187\16\76\104\47\218\16\152\64\9\235\8\152\245\255\179\218\152\64\38\235\55\168\168\197\225\216\187\7\216\187\16\47\218\28\110\47\218\28\110\180\237\9\227\180\16\65\197\103\46\188\123\152\245\197\27\18\17\16\28\237\16\180\237\9\227\180\16\142\46\150\140\142\161\27\28\255\123\76\38\37\55\209\113\114\8\7\138\7\7\7\69\238\251\187\190\239\217\215\239\178\178\187\187\181\187\187\195\183\187\187\195\179\179\231\199\219\251\238\207\214\208\253\235\255\220\182\229\0\238\251\187\190\239\217\215\239\178\178\187\188\181\193\192\183\193\192\179\179\231\199\208\4\251\8\7\178\7\7\7\69\27\19\7\227\10\11\37\33\4\4\47\237\210\253\233\255\252\246\27\42\249\233\251\8\239\28\252\244\230\28\29\251\22\7\27\38\36\9\210\23\32\22\188\30\33\21\19\30\210\24\39\32\21\38\27\33\32\210\38\19\26\244\8\8\87\7\7\7\50\109\45\25\9\33\127\66\131\133\133\133\128\97\119\119\67\70\58\56\67\119\61\114\119\59\70\119\67\70\58\56\67\119\25\64\62\12\36\8\108\13\16\116\8\7\68\7\7\7\84\143\123\145\142\136\173\188\139\123\141\154\159\175\161\127\100\170\129\134\173\171\153\145\149\121\154\157\100\169\178\168\78\100\100\173\170\100\170\100\165\178\168\100\108\108\123\110\108\108\117\117\111\117\118\109\113\117\118\109\109\113\108\108\108\123\111\121\109\113\121\109\110\108\108\117\117\110\8\9\143\24\248\7\96\208\72\106\55\20\140\20\72\72\72\72\156\156\55\55\191\106\208\3\72\140\208\3\72\175\67\119\68\221\175\33\68\67\84\33\221\175\17\88\222\104\118\33\225\70\55\222\70\123\55\85\84\221\34\67\136\238\221\55\72\187\238\34\0\187\175\170\156\55\55\55\242\242\106\37\72\140\37\72\106\55\208\191\140\208\191\72\72\122\8\8\42\7\7\7\53\86\83\71\73\86\10\72\37\95\18\18\25\23\29\15\33\17\21\33\17\101\31\76\83\88\10\81\37\18\18\25\15\25\34\17\21\25\34\17\22\7\72\10\78\83\10\8\7\161\7\7\7\70\13\16\4\2\13\193\23\222\3\252\10\254\206\12\220\193\10\7\193\23\221\201\201\209\204\212\202\206\212\202\193\21\9\6\15\193\23\222\23\204\201\201\211\214\215\204\210\217\202\206\210\217\202\193\6\15\5\220\193\3\252\10\254\8\7\199\7\7\7\66\4\58\59\57\48\53\46\245\42\47\40\57\239\61\240\231\44\53\43\2\231\57\44\59\60\57\53\231\59\40\41\51\44\245\42\54\53\42\40\59\239\41\240\231\44\53\43\240\239\240\240\239\245\245\245\240\231\44\53\8\9\233\18\170\7\70\53\87\73\73\207\64\229\240\207\163\73\163\108\141\87\64\163\53\87\108\75\73\75\20\141\218\64\73\229\97\64\163\73\229\20\97\191\59\251\191\111\23\161\251\53\196\4\37\64\78\56\64\161\161\4\4\194\37\26\216\37\26\172\8\8\88\7\7\7\98\127\127\120\59\70\60\98\120\120\120\120\29\39\21\8\55\10\27\40\46\8\50\44\115\103\104\107\103\98\120\120\59\68\41\59\98\120\120\120\120\58\42\59\55\65\98\120\120\59\70\60\98\120\120\63\62\120\32\65\64\48\43\66\25\60\57\32\118\106\120\55\70\60\120\29\39\21\8\55\10\27\40\46\8\50\44\115\115\109\110\109\8\9\158\28\68\7\70\62\34\38\231\164\62\113\227\105\46\147\88\71\206\76\46\160\34\159\163\142\247\163\62\231\164\210\112\231\164\210\112\62\62\231\122\13\231\59\252\62\230\230\230\8\71\75\13\139\239\176\184\12\214\151\79\8\71\75\13\139\239\176\8\7\120\7\7\7\48\170\174\208\205\161\163\169\161\181\181\170\161\152\236\224\221\230\130\152\152\152\152\228\231\219\217\228\152\236\222\233\202\238\200\170\230\215\197\192\194\181\8\7\220\7\7\7\96\12\230\252\252\252\252\83\68\69\72\65\252\80\66\77\46\82\44\14\74\59\41\36\38\24\13\252\64\75\252\80\66\77\46\82\44\14\74\59\41\36\38\25\80\66\77\46\82\44\14\74\59\41\36\38\7\13\252\65\74\64\230\252\252\65\72\79\65\230\252\252\252\252\72\75\63\61\72\252\80\66\77\46\82\44\14\74\59\41\8\8\212\7\7\7\95\140\142\247\236\6\5\237\6\252\235\231\236\6\5\237\6\252\235\206\244\244\244\244\171\178\244\192\178\195\166\194\164\6\170\153\135\140\142\186\247\4\244\192\172\175\170\244\192\178\195\166\194\164\6\170\153\135\140\142\247\192\178\195\166\194\164\6\170\153\135\140\142\237\3\244\175\170\176\206\244\244\175\170\176\206\175\170\176\9"
local P7pUNQjnB={string.byte(CxDrdJ0vjizutI,1,#CxDrdJ0vjizutI)}
for i=1,#P7pUNQjnB do
  local v=P7pUNQjnB[i]-7
  if v<0 then v=v+256 end
  P7pUNQjnB[i]=v
end
local function c88SwAIaW(s,p)
  local v=s[p]
  return v,p+1
end
local tLDQIPOXpQ0Pr={}
do
  local p=1
  while p<=#P7pUNQjnB do
    local op; op,p=c88SwAIaW(P7pUNQjnB,p)
    if op==2 then
      tLDQIPOXpQ0Pr[#tLDQIPOXpQ0Pr+1]={op=op}
    elseif op==1 then
      local m,k,a,ia,lh,ll
      m,p=c88SwAIaW(P7pUNQjnB,p)
      k,p=c88SwAIaW(P7pUNQjnB,p)
      a,p=c88SwAIaW(P7pUNQjnB,p)
      ia,p=c88SwAIaW(P7pUNQjnB,p)
      lh,p=c88SwAIaW(P7pUNQjnB,p)
      ll,p=c88SwAIaW(P7pUNQjnB,p)
      local len=(lh*256)+ll
      local b={}
      for i=1,len do
        b[i],p=c88SwAIaW(P7pUNQjnB,p)
      end
      tLDQIPOXpQ0Pr[#tLDQIPOXpQ0Pr+1]={op=op,m=m,k=k,a=a,ia=ia,b=b}
    else
      break
    end
  end
end
local function __vm_bxor(a,b)
  local r=0
  local bit=1
  while a>0 or b>0 do
    local aa=a%2
    local bb=b%2
    if aa~=bb then r=r+bit end
    a=(a-aa)/2
    b=(b-bb)/2
    bit=bit*2
  end
  return r
end
local function gyCNMZTX4(e)
  local t={}
  for i=1,#e.b do
    local v
    if e.m==1 then
      v=__vm_bxor(e.b[i],e.k)
    elseif e.m==2 then
      v=((e.b[i]-e.k)*e.ia)%256
      if v<0 then v=v+256 end
    else
      v=e.b[i]-e.k
      if v<0 then v=v+256 end
    end
    t[i]=string.char(v)
  end
  return table.concat(t)
end
local function MihMPLOQlpK1V(t)
  local s={}
  for i=1,#t do s[i]=string.char(t[i]) end
  return table.concat(s)
end
local ZuNvxO56=_G
local vbKZaCWLuo=function(a,b) return a[b] end
local InMLzRwUqD=ZuNvxO56[MihMPLOQlpK1V({103,101,116,102,101,110,118})]
if InMLzRwUqD then
  ZuNvxO56=InMLzRwUqD()
elseif _ENV then
  ZuNvxO56=_ENV
end
local dFIM5gHEXMW={
  MihMPLOQlpK1V({108,111,97,100}),
  MihMPLOQlpK1V({115,116,114,105,110,103}),
  MihMPLOQlpK1V({116,97,98,108,101}),
  MihMPLOQlpK1V({99,104,97,114}),
  MihMPLOQlpK1V({99,111,110,99,97,116})
}
local LuOBA2dZSfl=vbKZaCWLuo(ZuNvxO56,dFIM5gHEXMW[1])
local OStNi0mK=vbKZaCWLuo(ZuNvxO56,dFIM5gHEXMW[2]) or string
local o6p_Ux87R85Nz=vbKZaCWLuo(ZuNvxO56,dFIM5gHEXMW[3]) or table
local Xno2lHpp=vbKZaCWLuo(OStNi0mK,dFIM5gHEXMW[4])
local pajv6W760=vbKZaCWLuo(o6p_Ux87R85Nz,dFIM5gHEXMW[5])
local FEC4WAfTCl={}
local bVpCJw4ft9=1
local _L_MTrKRhgSP=nil
local bFppOXoyNlI8=1
local g_pmAFPGNU5y7=0
local xwVHegG0NnO={}
local __vm_op_alias={[1]=171,[2]=233}
xwVHegG0NnO[__vm_op_alias[1]]=function(ins)
  FEC4WAfTCl[#FEC4WAfTCl+1]=gyCNMZTX4(ins)
  bVpCJw4ft9=bVpCJw4ft9+1
  bFppOXoyNlI8=1
end
xwVHegG0NnO[__vm_op_alias[2]]=function()
  local Iq6Cg9UiU=pajv6W760(FEC4WAfTCl)
  local kt6OK4w4aDL,gRXkadfZ3f=LuOBA2dZSfl(Iq6Cg9UiU,nil,"t",ZuNvxO56)
  if not kt6OK4w4aDL then error(gRXkadfZ3f) end
  kt6OK4w4aDL()
  bFppOXoyNlI8=99
end
xwVHegG0NnO[0]=function()
  bFppOXoyNlI8=99
end
while true do
  if bFppOXoyNlI8==1 then
    _L_MTrKRhgSP=tLDQIPOXpQ0Pr[bVpCJw4ft9]
    if not _L_MTrKRhgSP then bFppOXoyNlI8=99 else bFppOXoyNlI8=2 end
  elseif bFppOXoyNlI8==2 then
    local __h=xwVHegG0NnO[__vm_op_alias[_L_MTrKRhgSP.op] or 0] or xwVHegG0NnO[0]
    __h(_L_MTrKRhgSP)
  elseif bFppOXoyNlI8==3 then
    FEC4WAfTCl[#FEC4WAfTCl+1]=gyCNMZTX4(_L_MTrKRhgSP)
    bVpCJw4ft9=bVpCJw4ft9+1
    bFppOXoyNlI8=1
  elseif bFppOXoyNlI8==4 then
    bFppOXoyNlI8=1
  elseif bFppOXoyNlI8==7 then
    g_pmAFPGNU5y7=g_pmAFPGNU5y7+1
    if g_pmAFPGNU5y7>2 then bFppOXoyNlI8=1 else bFppOXoyNlI8=7 end
  else
    break
  end
  if (bVpCJw4ft9%97)==13 and bFppOXoyNlI8==1 and g_pmAFPGNU5y7==0 then bFppOXoyNlI8=7 end
end
